"subjectid" "activityname" "tBodyAcc_mean_X" "tBodyAcc_mean_Y" "tBodyAcc_mean_Z" "tBodyAcc_std_X" "tBodyAcc_std_Y" "tBodyAcc_std_Z" "tGravityAcc_mean_X" "tGravityAcc_mean_Y" "tGravityAcc_mean_Z" "tGravityAcc_std_X" "tGravityAcc_std_Y" "tGravityAcc_std_Z" "tBodyAccJerk_mean_X" "tBodyAccJerk_mean_Y" "tBodyAccJerk_mean_Z" "tBodyAccJerk_std_X" "tBodyAccJerk_std_Y" "tBodyAccJerk_std_Z" "tBodyGyro_mean_X" "tBodyGyro_mean_Y" "tBodyGyro_mean_Z" "tBodyGyro_std_X" "tBodyGyro_std_Y" "tBodyGyro_std_Z" "tBodyGyroJerk_mean_X" "tBodyGyroJerk_mean_Y" "tBodyGyroJerk_mean_Z" "tBodyGyroJerk_std_X" "tBodyGyroJerk_std_Y" "tBodyGyroJerk_std_Z" "tBodyAccMag_mean" "tBodyAccMag_std" "tGravityAccMag_mean" "tGravityAccMag_std" "tBodyAccJerkMag_mean" "tBodyAccJerkMag_std" "tBodyGyroMag_mean" "tBodyGyroMag_std" "tBodyGyroJerkMag_mean" "tBodyGyroJerkMag_std" "fBodyAcc_mean_X" "fBodyAcc_mean_Y" "fBodyAcc_mean_Z" "fBodyAcc_std_X" "fBodyAcc_std_Y" "fBodyAcc_std_Z" "fBodyAccJerk_mean_X" "fBodyAccJerk_mean_Y" "fBodyAccJerk_mean_Z" "fBodyAccJerk_std_X" "fBodyAccJerk_std_Y" "fBodyAccJerk_std_Z" "fBodyGyro_mean_X" "fBodyGyro_mean_Y" "fBodyGyro_mean_Z" "fBodyGyro_std_X" "fBodyGyro_std_Y" "fBodyGyro_std_Z" "fBodyAccMag_mean" "fBodyAccMag_std" "fBodyBodyAccJerkMag_mean" "fBodyBodyAccJerkMag_std" "fBodyBodyGyroMag_mean" "fBodyBodyGyroMag_std" "fBodyBodyGyroJerkMag_mean" "fBodyBodyGyroJerkMag_std"
"1" 1 "LAYING" 0.222 -0.041 -0.113 -0.928 -0.837 -0.826 -0.249 0.706 0.446 -0.897 -0.908 -0.852 0.081 0.004 0.011 -0.958 -0.924 -0.955 -0.017 -0.064 0.149 -0.874 -0.951 -0.908 -0.107 -0.042 -0.074 -0.919 -0.968 -0.958 -0.842 -0.795 -0.842 -0.795 -0.954 -0.928 -0.875 -0.819 -0.963 -0.936 -0.939 -0.867 -0.883 -0.924 -0.834 -0.813 -0.957 -0.922 -0.948 -0.964 -0.932 -0.961 -0.85 -0.952 -0.909 -0.882 -0.951 -0.917 -0.862 -0.798 -0.933 -0.922 -0.862 -0.824 -0.942 -0.933
"2" 1 "SITTING" 0.261 -0.001 -0.105 -0.977 -0.923 -0.94 0.832 0.204 0.332 -0.968 -0.936 -0.949 0.077 -0.001 -0.003 -0.986 -0.981 -0.988 -0.045 -0.092 0.063 -0.977 -0.966 -0.941 -0.094 -0.04 -0.047 -0.992 -0.99 -0.988 -0.949 -0.927 -0.949 -0.927 -0.987 -0.984 -0.931 -0.935 -0.992 -0.988 -0.98 -0.944 -0.959 -0.976 -0.917 -0.934 -0.987 -0.982 -0.986 -0.987 -0.983 -0.988 -0.976 -0.976 -0.951 -0.978 -0.962 -0.944 -0.948 -0.928 -0.985 -0.982 -0.958 -0.932 -0.99 -0.987
"3" 1 "STANDING" 0.279 -0.016 -0.111 -0.996 -0.973 -0.98 0.943 -0.273 0.013 -0.994 -0.981 -0.976 0.075 0.008 -0.004 -0.995 -0.986 -0.992 -0.024 -0.059 0.075 -0.987 -0.988 -0.981 -0.1 -0.044 -0.049 -0.993 -0.995 -0.992 -0.984 -0.982 -0.984 -0.982 -0.992 -0.993 -0.976 -0.979 -0.995 -0.995 -0.995 -0.977 -0.985 -0.996 -0.972 -0.978 -0.995 -0.985 -0.991 -0.995 -0.987 -0.992 -0.986 -0.989 -0.981 -0.987 -0.987 -0.982 -0.985 -0.982 -0.993 -0.993 -0.985 -0.978 -0.995 -0.995
"4" 1 "WALKING" 0.277 -0.017 -0.111 -0.284 0.114 -0.26 0.935 -0.282 -0.068 -0.977 -0.971 -0.948 0.074 0.028 -0.004 -0.114 0.067 -0.503 -0.042 -0.07 0.085 -0.474 -0.055 -0.344 -0.09 -0.04 -0.046 -0.207 -0.304 -0.404 -0.137 -0.22 -0.137 -0.22 -0.141 -0.074 -0.161 -0.187 -0.299 -0.325 -0.203 0.09 -0.332 -0.319 0.056 -0.28 -0.171 -0.035 -0.469 -0.134 0.107 -0.535 -0.339 -0.103 -0.256 -0.517 -0.034 -0.437 -0.129 -0.398 -0.057 -0.103 -0.199 -0.321 -0.319 -0.382
"5" 1 "WALKING_DOWNSTAIRS" 0.289 -0.01 -0.108 0.03 -0.032 -0.23 0.932 -0.267 -0.062 -0.951 -0.937 -0.896 0.054 0.03 -0.011 -0.012 -0.102 -0.346 -0.035 -0.091 0.09 -0.458 -0.126 -0.125 -0.074 -0.044 -0.027 -0.487 -0.239 -0.269 0.027 0.02 0.027 0.02 -0.089 -0.026 -0.076 -0.226 -0.295 -0.307 0.038 0.002 -0.226 0.024 -0.113 -0.298 -0.028 -0.129 -0.288 -0.086 -0.135 -0.402 -0.352 -0.056 -0.032 -0.495 -0.181 -0.238 0.097 -0.187 0.026 -0.104 -0.186 -0.398 -0.282 -0.392
"6" 1 "WALKING_UPSTAIRS" 0.255 -0.024 -0.097 -0.355 -0.002 -0.019 0.893 -0.362 -0.075 -0.956 -0.953 -0.912 0.101 0.019 -0.046 -0.447 -0.378 -0.707 0.051 -0.166 0.058 -0.545 0.004 -0.507 -0.122 -0.042 -0.041 -0.615 -0.602 -0.606 -0.13 -0.325 -0.13 -0.325 -0.467 -0.479 -0.127 -0.149 -0.595 -0.649 -0.404 -0.191 -0.433 -0.337 0.022 0.086 -0.48 -0.413 -0.685 -0.462 -0.382 -0.726 -0.493 -0.319 -0.454 -0.566 0.152 -0.572 -0.352 -0.416 -0.443 -0.533 -0.326 -0.183 -0.635 -0.694
"7" 2 "LAYING" 0.281 -0.018 -0.107 -0.974 -0.98 -0.984 -0.51 0.753 0.647 -0.959 -0.988 -0.984 0.083 0.012 -0.002 -0.986 -0.983 -0.988 -0.018 -0.112 0.145 -0.988 -0.982 -0.96 -0.102 -0.036 -0.07 -0.993 -0.99 -0.988 -0.977 -0.973 -0.977 -0.973 -0.988 -0.986 -0.95 -0.961 -0.992 -0.99 -0.977 -0.98 -0.984 -0.973 -0.981 -0.985 -0.986 -0.983 -0.986 -0.987 -0.985 -0.989 -0.986 -0.983 -0.963 -0.989 -0.982 -0.963 -0.975 -0.975 -0.985 -0.985 -0.972 -0.961 -0.99 -0.989
"8" 2 "SITTING" 0.277 -0.016 -0.109 -0.987 -0.951 -0.96 0.94 -0.106 0.199 -0.98 -0.957 -0.954 0.072 0.012 0.008 -0.988 -0.978 -0.988 -0.045 -0.06 0.041 -0.986 -0.979 -0.96 -0.094 -0.042 -0.044 -0.99 -0.991 -0.986 -0.968 -0.953 -0.968 -0.953 -0.987 -0.984 -0.946 -0.961 -0.991 -0.99 -0.986 -0.957 -0.97 -0.987 -0.95 -0.957 -0.988 -0.977 -0.985 -0.989 -0.981 -0.989 -0.983 -0.982 -0.96 -0.987 -0.977 -0.964 -0.961 -0.956 -0.984 -0.984 -0.972 -0.961 -0.99 -0.99
"9" 2 "STANDING" 0.278 -0.018 -0.106 -0.987 -0.957 -0.95 0.897 -0.37 0.13 -0.987 -0.974 -0.946 0.075 0.01 -0.008 -0.981 -0.971 -0.983 -0.024 -0.082 0.088 -0.973 -0.971 -0.965 -0.106 -0.042 -0.055 -0.979 -0.983 -0.974 -0.966 -0.958 -0.966 -0.958 -0.98 -0.977 -0.963 -0.954 -0.984 -0.977 -0.984 -0.96 -0.962 -0.989 -0.958 -0.946 -0.981 -0.971 -0.98 -0.983 -0.974 -0.985 -0.967 -0.973 -0.961 -0.975 -0.971 -0.97 -0.964 -0.961 -0.977 -0.975 -0.962 -0.957 -0.978 -0.978
"10" 2 "WALKING" 0.276 -0.019 -0.106 -0.424 -0.078 -0.425 0.913 -0.347 0.085 -0.973 -0.972 -0.972 0.062 0.018 0.008 -0.278 -0.017 -0.586 -0.053 -0.048 0.083 -0.562 -0.538 -0.481 -0.082 -0.054 -0.051 -0.39 -0.634 -0.435 -0.29 -0.423 -0.29 -0.423 -0.281 -0.164 -0.447 -0.553 -0.548 -0.558 -0.346 -0.022 -0.454 -0.458 -0.169 -0.455 -0.305 -0.079 -0.555 -0.314 -0.015 -0.616 -0.43 -0.555 -0.397 -0.604 -0.533 -0.56 -0.324 -0.577 -0.169 -0.164 -0.531 -0.652 -0.583 -0.558
"11" 2 "WALKING_DOWNSTAIRS" 0.278 -0.023 -0.117 0.046 0.263 -0.103 0.862 -0.326 -0.044 -0.94 -0.94 -0.931 0.11 -0.003 -0.021 0.147 0.127 -0.34 -0.116 -0.005 0.097 -0.321 -0.416 -0.279 -0.058 -0.042 -0.071 -0.244 -0.469 -0.218 0.09 0.216 0.09 0.216 0.006 0.23 -0.162 -0.275 -0.411 -0.343 0.113 0.278 -0.131 0.016 0.172 -0.162 0.138 0.096 -0.271 0.05 0.081 -0.408 -0.146 -0.362 -0.087 -0.379 -0.459 -0.423 0.293 -0.021 0.222 0.227 -0.321 -0.373 -0.38 -0.344
"12" 2 "WALKING_UPSTAIRS" 0.247 -0.021 -0.153 -0.304 0.108 -0.112 0.791 -0.416 -0.196 -0.934 -0.924 -0.878 0.074 -0.01 0.019 -0.276 -0.186 -0.574 -0.058 -0.032 0.069 -0.439 -0.466 -0.164 -0.083 -0.042 -0.045 -0.465 -0.645 -0.468 -0.107 -0.206 -0.107 -0.206 -0.321 -0.217 -0.22 -0.378 -0.573 -0.597 -0.267 0.01 -0.281 -0.321 0.085 -0.095 -0.259 -0.188 -0.523 -0.365 -0.244 -0.625 -0.332 -0.488 -0.249 -0.476 -0.46 -0.218 -0.145 -0.367 -0.19 -0.26 -0.451 -0.439 -0.601 -0.622
"13" 3 "LAYING" 0.276 -0.019 -0.101 -0.983 -0.962 -0.964 -0.242 0.837 0.489 -0.983 -0.981 -0.965 0.077 0.014 -0.004 -0.981 -0.969 -0.982 -0.021 -0.072 0.138 -0.975 -0.977 -0.964 -0.1 -0.039 -0.069 -0.98 -0.987 -0.983 -0.973 -0.964 -0.973 -0.964 -0.979 -0.976 -0.952 -0.954 -0.987 -0.983 -0.981 -0.961 -0.968 -0.984 -0.964 -0.963 -0.981 -0.969 -0.979 -0.983 -0.971 -0.984 -0.97 -0.978 -0.962 -0.976 -0.977 -0.967 -0.966 -0.968 -0.976 -0.975 -0.965 -0.955 -0.984 -0.983
"14" 3 "SITTING" 0.257 -0.004 -0.098 -0.971 -0.857 -0.875 0.901 0.127 0.139 -0.957 -0.904 -0.898 0.073 0.003 -0.004 -0.974 -0.954 -0.975 -0.039 -0.075 0.094 -0.965 -0.945 -0.926 -0.104 -0.036 -0.059 -0.973 -0.979 -0.974 -0.895 -0.87 -0.895 -0.87 -0.969 -0.967 -0.919 -0.926 -0.978 -0.977 -0.97 -0.892 -0.918 -0.972 -0.85 -0.864 -0.975 -0.954 -0.971 -0.976 -0.956 -0.977 -0.958 -0.956 -0.935 -0.968 -0.94 -0.931 -0.904 -0.875 -0.966 -0.967 -0.947 -0.925 -0.978 -0.977
"15" 3 "STANDING" 0.28 -0.014 -0.102 -0.967 -0.893 -0.911 0.935 -0.302 0.025 -0.982 -0.957 -0.928 0.075 0.008 -0.008 -0.957 -0.942 -0.973 -0.025 -0.059 0.067 -0.9 -0.928 -0.912 -0.099 -0.047 -0.042 -0.941 -0.968 -0.958 -0.925 -0.915 -0.925 -0.915 -0.959 -0.949 -0.892 -0.882 -0.962 -0.958 -0.96 -0.908 -0.94 -0.97 -0.892 -0.905 -0.958 -0.943 -0.969 -0.961 -0.944 -0.976 -0.901 -0.938 -0.916 -0.902 -0.923 -0.92 -0.927 -0.922 -0.949 -0.948 -0.914 -0.883 -0.96 -0.957
"16" 3 "WALKING" 0.276 -0.017 -0.113 -0.36 -0.07 -0.387 0.937 -0.262 -0.138 -0.978 -0.962 -0.952 0.081 0.01 -0.006 -0.269 -0.045 -0.529 -0.026 -0.078 0.081 -0.572 -0.564 -0.477 -0.095 -0.039 -0.05 -0.386 -0.639 -0.537 -0.255 -0.328 -0.255 -0.328 -0.28 -0.14 -0.466 -0.562 -0.566 -0.567 -0.317 -0.081 -0.412 -0.379 -0.124 -0.423 -0.305 -0.141 -0.514 -0.297 -0.006 -0.544 -0.438 -0.562 -0.418 -0.615 -0.569 -0.546 -0.29 -0.456 -0.187 -0.09 -0.57 -0.633 -0.608 -0.549
"17" 3 "WALKING_DOWNSTAIRS" 0.292 -0.019 -0.116 -0.057 -0.033 -0.362 0.939 -0.229 -0.102 -0.95 -0.946 -0.9 0.073 0.011 -0.002 -0.086 -0.111 -0.572 -0.132 -0.014 0.124 -0.262 -0.547 -0.442 -0.078 -0.039 -0.042 -0.286 -0.681 -0.375 -0.063 -0.041 -0.063 -0.041 -0.205 -0.093 -0.215 -0.246 -0.509 -0.584 -0.042 -0.008 -0.404 -0.065 -0.11 -0.39 -0.091 -0.136 -0.529 -0.165 -0.148 -0.614 -0.129 -0.543 -0.303 -0.309 -0.553 -0.548 0.029 -0.234 -0.049 -0.159 -0.332 -0.322 -0.576 -0.625
"18" 3 "WALKING_UPSTAIRS" 0.261 -0.032 -0.11 -0.313 0.012 -0.37 0.884 -0.383 -0.163 -0.944 -0.91 -0.909 0.043 0.04 0.021 -0.458 -0.252 -0.709 0.072 -0.139 0.022 -0.456 -0.583 -0.492 -0.116 -0.04 -0.05 -0.507 -0.776 -0.573 -0.184 -0.334 -0.184 -0.334 -0.437 -0.439 -0.347 -0.409 -0.659 -0.718 -0.392 -0.079 -0.504 -0.285 -0.008 -0.351 -0.478 -0.284 -0.677 -0.486 -0.268 -0.739 -0.378 -0.637 -0.432 -0.485 -0.556 -0.561 -0.316 -0.448 -0.413 -0.481 -0.514 -0.445 -0.717 -0.74
"19" 4 "LAYING" 0.264 -0.015 -0.111 -0.954 -0.942 -0.963 -0.421 0.915 0.342 -0.921 -0.97 -0.976 0.093 0.007 -0.006 -0.978 -0.942 -0.979 -0.009 -0.093 0.17 -0.973 -0.961 -0.962 -0.105 -0.038 -0.071 -0.975 -0.987 -0.984 -0.955 -0.931 -0.955 -0.931 -0.97 -0.961 -0.93 -0.947 -0.985 -0.983 -0.959 -0.939 -0.968 -0.952 -0.946 -0.962 -0.979 -0.944 -0.975 -0.98 -0.944 -0.98 -0.967 -0.972 -0.961 -0.975 -0.956 -0.966 -0.939 -0.937 -0.962 -0.958 -0.962 -0.947 -0.984 -0.983
"20" 4 "SITTING" 0.272 -0.007 -0.106 -0.98 -0.89 -0.932 0.869 0.212 0.11 -0.981 -0.933 -0.951 0.078 -0.011 -0.012 -0.977 -0.945 -0.979 -0.049 -0.089 0.101 -0.97 -0.958 -0.928 -0.097 -0.042 -0.049 -0.97 -0.984 -0.969 -0.936 -0.914 -0.936 -0.914 -0.97 -0.963 -0.926 -0.929 -0.98 -0.976 -0.977 -0.906 -0.952 -0.982 -0.889 -0.927 -0.977 -0.944 -0.975 -0.979 -0.949 -0.982 -0.961 -0.968 -0.934 -0.973 -0.954 -0.933 -0.929 -0.92 -0.963 -0.962 -0.949 -0.929 -0.977 -0.976
"21" 4 "STANDING" 0.28 -0.009 -0.096 -0.977 -0.862 -0.897 0.956 -0.076 0.167 -0.973 -0.918 -0.899 0.072 -0.007 -0.021 -0.973 -0.938 -0.973 -0.031 -0.062 0.076 -0.91 -0.949 -0.91 -0.103 -0.046 -0.049 -0.95 -0.976 -0.958 -0.906 -0.891 -0.906 -0.891 -0.963 -0.958 -0.901 -0.885 -0.968 -0.964 -0.973 -0.89 -0.932 -0.979 -0.857 -0.888 -0.972 -0.938 -0.969 -0.976 -0.944 -0.976 -0.905 -0.956 -0.915 -0.912 -0.946 -0.917 -0.918 -0.895 -0.956 -0.96 -0.914 -0.887 -0.964 -0.966
"22" 4 "WALKING" 0.279 -0.015 -0.111 -0.441 -0.079 -0.586 0.964 -0.086 0.128 -0.984 -0.968 -0.963 0.078 0.003 -0.001 -0.297 -0.221 -0.751 -0.032 -0.073 0.081 -0.501 -0.665 -0.663 -0.115 -0.039 -0.055 -0.492 -0.807 -0.64 -0.312 -0.528 -0.312 -0.528 -0.367 -0.317 -0.498 -0.553 -0.681 -0.73 -0.427 -0.149 -0.631 -0.447 -0.102 -0.594 -0.359 -0.28 -0.729 -0.297 -0.21 -0.772 -0.373 -0.688 -0.601 -0.543 -0.655 -0.716 -0.451 -0.651 -0.319 -0.32 -0.609 -0.594 -0.724 -0.758
"23" 4 "WALKING_DOWNSTAIRS" 0.28 -0.01 -0.107 0.011 -0.219 -0.479 0.948 -0.062 0.149 -0.955 -0.932 -0.938 0.097 0.006 -0.007 -0.146 -0.146 -0.627 -0.103 -0.07 0.059 -0.37 -0.699 -0.498 -0.092 -0.035 -0.049 -0.396 -0.817 -0.326 -0.049 -0.082 -0.049 -0.082 -0.229 -0.217 -0.347 -0.381 -0.593 -0.637 -0.072 -0.13 -0.495 0.039 -0.323 -0.513 -0.162 -0.173 -0.584 -0.208 -0.177 -0.669 -0.24 -0.718 -0.318 -0.415 -0.692 -0.622 -0.019 -0.264 -0.175 -0.28 -0.429 -0.458 -0.622 -0.685
"24" 4 "WALKING_UPSTAIRS" 0.271 -0.032 -0.114 -0.205 -0.067 -0.372 0.946 -0.233 0.084 -0.958 -0.923 -0.92 0.056 0.023 0.003 -0.38 -0.282 -0.726 0.039 -0.086 0.084 -0.454 -0.551 -0.361 -0.131 -0.039 -0.072 -0.534 -0.841 -0.556 -0.154 -0.212 -0.154 -0.212 -0.401 -0.437 -0.3 -0.511 -0.687 -0.755 -0.294 -0.117 -0.525 -0.173 -0.101 -0.345 -0.418 -0.298 -0.69 -0.397 -0.315 -0.763 -0.371 -0.684 -0.351 -0.484 -0.49 -0.425 -0.277 -0.301 -0.397 -0.497 -0.576 -0.552 -0.741 -0.794
"25" 5 "LAYING" 0.278 -0.018 -0.108 -0.966 -0.969 -0.969 -0.483 0.955 0.264 -0.946 -0.986 -0.977 0.085 0.007 -0.003 -0.983 -0.965 -0.985 -0.022 -0.08 0.16 -0.979 -0.977 -0.961 -0.102 -0.04 -0.071 -0.983 -0.984 -0.99 -0.967 -0.959 -0.967 -0.959 -0.98 -0.977 -0.947 -0.958 -0.986 -0.984 -0.969 -0.965 -0.977 -0.965 -0.973 -0.966 -0.983 -0.965 -0.983 -0.986 -0.966 -0.986 -0.976 -0.978 -0.963 -0.981 -0.977 -0.963 -0.962 -0.963 -0.977 -0.976 -0.968 -0.959 -0.985 -0.983
"26" 5 "SITTING" 0.274 -0.01 -0.109 -0.981 -0.904 -0.926 0.881 0.168 0.143 -0.983 -0.94 -0.945 0.075 -0.003 0.003 -0.975 -0.953 -0.973 -0.042 -0.084 0.082 -0.966 -0.95 -0.941 -0.089 -0.045 -0.049 -0.966 -0.975 -0.965 -0.938 -0.921 -0.938 -0.921 -0.969 -0.966 -0.934 -0.931 -0.974 -0.97 -0.977 -0.921 -0.946 -0.983 -0.902 -0.922 -0.976 -0.954 -0.97 -0.977 -0.954 -0.976 -0.957 -0.955 -0.938 -0.969 -0.948 -0.947 -0.936 -0.926 -0.964 -0.967 -0.945 -0.935 -0.972 -0.971
"27" 5 "STANDING" 0.283 -0.007 -0.102 -0.969 -0.869 -0.869 0.96 -0.039 0.139 -0.974 -0.932 -0.915 0.073 -0.002 -0.012 -0.963 -0.931 -0.964 -0.032 -0.051 0.069 -0.91 -0.934 -0.907 -0.092 -0.04 -0.042 -0.942 -0.961 -0.945 -0.906 -0.88 -0.906 -0.88 -0.957 -0.943 -0.901 -0.867 -0.958 -0.948 -0.965 -0.891 -0.915 -0.971 -0.868 -0.858 -0.963 -0.931 -0.958 -0.966 -0.936 -0.968 -0.91 -0.939 -0.907 -0.913 -0.932 -0.917 -0.905 -0.887 -0.942 -0.944 -0.905 -0.869 -0.952 -0.946
"28" 5 "WALKING" 0.278 -0.017 -0.108 -0.294 0.077 -0.457 0.973 -0.1 0.002 -0.979 -0.962 -0.965 0.085 -0.016 0 -0.303 -0.091 -0.613 -0.049 -0.069 0.082 -0.491 -0.505 -0.319 -0.089 -0.045 -0.048 -0.358 -0.571 -0.158 -0.158 -0.377 -0.158 -0.377 -0.288 -0.282 -0.356 -0.492 -0.445 -0.489 -0.288 0.009 -0.49 -0.298 0.043 -0.483 -0.345 -0.181 -0.59 -0.321 -0.055 -0.633 -0.373 -0.514 -0.213 -0.529 -0.503 -0.42 -0.305 -0.52 -0.269 -0.306 -0.484 -0.59 -0.548 -0.456
"29" 5 "WALKING_DOWNSTAIRS" 0.294 -0.009 -0.1 0.275 0.091 -0.326 0.957 -0.061 0.022 -0.95 -0.912 -0.927 0.11 0.014 0.021 0.032 0.047 -0.523 -0.068 -0.071 0.081 -0.461 -0.409 -0.228 -0.11 -0.071 -0.04 -0.411 -0.515 -0.034 0.211 0.205 0.211 0.205 -0.064 -0.029 -0.218 -0.361 -0.397 -0.45 0.098 0.079 -0.375 0.337 0.027 -0.353 -0.037 -0.057 -0.492 0.011 0.09 -0.551 -0.295 -0.382 -0.034 -0.515 -0.432 -0.375 0.156 0.043 0.009 -0.09 -0.349 -0.484 -0.454 -0.487
"30" 5 "WALKING_UPSTAIRS" 0.268 -0.033 -0.107 -0.046 0.185 -0.309 0.937 -0.266 -0.023 -0.954 -0.901 -0.921 0.08 0.014 -0.026 -0.224 -0.125 -0.638 0.04 -0.117 0.042 -0.443 -0.44 -0.265 -0.143 -0.056 -0.053 -0.305 -0.632 -0.282 0.044 -0.137 0.044 -0.137 -0.247 -0.31 -0.236 -0.355 -0.473 -0.558 -0.161 0.073 -0.457 -0.005 0.165 -0.289 -0.29 -0.197 -0.607 -0.225 -0.105 -0.669 -0.264 -0.517 -0.14 -0.502 -0.403 -0.38 -0.169 -0.254 -0.265 -0.379 -0.393 -0.44 -0.571 -0.572
"31" 6 "LAYING" 0.249 -0.01 -0.133 -0.934 -0.925 -0.925 -0.477 0.957 0.176 -0.888 -0.959 -0.928 0.096 -0.001 0.003 -0.966 -0.934 -0.96 -0.008 -0.107 0.179 -0.955 -0.944 -0.939 -0.111 -0.042 -0.072 -0.94 -0.959 -0.96 -0.919 -0.897 -0.919 -0.897 -0.955 -0.95 -0.909 -0.921 -0.956 -0.953 -0.939 -0.924 -0.938 -0.932 -0.93 -0.924 -0.967 -0.936 -0.954 -0.969 -0.936 -0.964 -0.935 -0.942 -0.933 -0.962 -0.945 -0.947 -0.912 -0.905 -0.949 -0.952 -0.93 -0.929 -0.954 -0.956
"32" 6 "SITTING" 0.277 -0.015 -0.11 -0.98 -0.924 -0.926 0.934 0.068 0.07 -0.989 -0.961 -0.955 0.075 0 0.006 -0.97 -0.945 -0.959 -0.037 -0.09 0.085 -0.957 -0.944 -0.94 -0.094 -0.033 -0.047 -0.944 -0.962 -0.959 -0.95 -0.932 -0.95 -0.932 -0.963 -0.948 -0.933 -0.921 -0.963 -0.95 -0.975 -0.928 -0.936 -0.982 -0.926 -0.926 -0.971 -0.947 -0.954 -0.971 -0.947 -0.962 -0.94 -0.944 -0.935 -0.963 -0.945 -0.947 -0.936 -0.94 -0.948 -0.947 -0.93 -0.93 -0.952 -0.951
"33" 6 "STANDING" 0.28 -0.018 -0.112 -0.982 -0.921 -0.926 0.945 -0.23 0.014 -0.986 -0.968 -0.943 0.073 0.009 -0.005 -0.973 -0.949 -0.968 -0.028 -0.059 0.077 -0.948 -0.942 -0.948 -0.103 -0.043 -0.051 -0.946 -0.962 -0.963 -0.945 -0.939 -0.945 -0.939 -0.967 -0.956 -0.939 -0.916 -0.963 -0.953 -0.977 -0.93 -0.943 -0.984 -0.921 -0.922 -0.973 -0.951 -0.964 -0.975 -0.951 -0.97 -0.932 -0.943 -0.943 -0.953 -0.943 -0.954 -0.946 -0.945 -0.956 -0.955 -0.927 -0.923 -0.955 -0.952
"34" 6 "WALKING" 0.284 -0.017 -0.11 -0.297 0.164 -0.504 0.958 -0.215 0.033 -0.978 -0.964 -0.957 0.07 -0.016 -0.007 -0.133 0.008 -0.576 -0.026 -0.074 0.084 -0.446 -0.332 -0.383 -0.088 -0.036 -0.054 -0.183 -0.416 -0.167 -0.167 -0.267 -0.167 -0.267 -0.195 -0.071 -0.281 -0.366 -0.321 -0.365 -0.188 0.141 -0.499 -0.345 0.102 -0.55 -0.151 -0.075 -0.541 -0.193 0.031 -0.609 -0.24 -0.341 -0.204 -0.515 -0.332 -0.512 -0.201 -0.422 -0.055 -0.096 -0.33 -0.511 -0.367 -0.408
"35" 6 "WALKING_DOWNSTAIRS" 0.277 -0.02 -0.107 0.384 0.36 -0.32 0.929 -0.214 -0.003 -0.954 -0.934 -0.934 0.104 0.01 -0.009 0.165 0.277 -0.337 -0.096 -0.034 0.087 -0.198 -0.189 -0.094 -0.026 -0.077 -0.037 0.039 -0.194 0.193 0.334 0.374 0.334 0.374 0.104 0.21 0.014 -0.043 -0.083 -0.111 0.328 0.34 -0.278 0.403 0.283 -0.406 0.137 0.137 -0.283 0.089 0.341 -0.389 0.063 -0.13 0.153 -0.287 -0.235 -0.276 0.396 0.145 0.244 0.155 -0.014 -0.242 -0.133 -0.146
"36" 6 "WALKING_UPSTAIRS" 0.268 -0.027 -0.122 -0.05 0.189 -0.354 0.914 -0.341 -0.018 -0.959 -0.913 -0.906 0.072 0.004 -0.002 -0.18 -0.041 -0.561 -0.077 -0.052 0.066 -0.322 -0.316 -0.184 -0.065 -0.046 -0.058 -0.187 -0.486 -0.171 0.018 -0.079 0.018 -0.079 -0.207 -0.17 -0.129 -0.2 -0.343 -0.44 -0.131 0.098 -0.427 -0.021 0.159 -0.366 -0.245 -0.123 -0.549 -0.187 -0.017 -0.572 -0.115 -0.33 -0.046 -0.39 -0.314 -0.31 -0.082 -0.222 -0.17 -0.178 -0.231 -0.318 -0.459 -0.456
"37" 7 "LAYING" 0.25 -0.02 -0.101 -0.937 -0.926 -0.953 -0.503 0.393 0.908 -0.914 -0.956 -0.962 0.097 0.025 -0.013 -0.981 -0.973 -0.973 -0.003 -0.134 0.156 -0.96 -0.945 -0.955 -0.106 -0.036 -0.067 -0.974 -0.976 -0.989 -0.936 -0.907 -0.936 -0.907 -0.98 -0.967 -0.916 -0.919 -0.983 -0.971 -0.953 -0.942 -0.959 -0.931 -0.923 -0.953 -0.98 -0.973 -0.97 -0.984 -0.976 -0.975 -0.954 -0.958 -0.957 -0.962 -0.94 -0.959 -0.928 -0.911 -0.968 -0.965 -0.941 -0.919 -0.974 -0.969
"38" 7 "SITTING" 0.285 -0.015 -0.122 -0.973 -0.909 -0.857 0.969 0.006 0.065 -0.957 -0.945 -0.869 0.067 0.012 0.016 -0.982 -0.969 -0.972 -0.05 -0.034 0.026 -0.942 -0.944 -0.937 -0.094 -0.04 -0.045 -0.974 -0.981 -0.981 -0.918 -0.882 -0.918 -0.882 -0.977 -0.97 -0.898 -0.898 -0.982 -0.976 -0.973 -0.931 -0.905 -0.973 -0.905 -0.844 -0.982 -0.969 -0.969 -0.984 -0.972 -0.975 -0.944 -0.957 -0.947 -0.943 -0.938 -0.94 -0.909 -0.887 -0.971 -0.968 -0.933 -0.896 -0.979 -0.975
"39" 7 "STANDING" 0.283 -0.015 -0.1 -0.979 -0.923 -0.917 0.959 -0.118 -0.052 -0.988 -0.966 -0.939 0.075 0.007 -0.011 -0.976 -0.966 -0.972 -0.029 -0.077 0.085 -0.945 -0.95 -0.952 -0.09 -0.041 -0.055 -0.966 -0.977 -0.978 -0.943 -0.934 -0.943 -0.934 -0.973 -0.969 -0.943 -0.918 -0.977 -0.972 -0.977 -0.942 -0.939 -0.981 -0.919 -0.912 -0.976 -0.967 -0.968 -0.979 -0.967 -0.975 -0.938 -0.958 -0.957 -0.948 -0.946 -0.954 -0.946 -0.937 -0.967 -0.969 -0.939 -0.92 -0.974 -0.972
"40" 7 "WALKING" 0.276 -0.019 -0.111 -0.327 -0.077 0.16 0.933 -0.159 -0.161 -0.98 -0.969 -0.952 0.09 0.018 -0.021 -0.346 -0.055 -0.149 0.002 -0.084 0.064 -0.503 -0.231 -0.396 -0.124 -0.045 -0.05 -0.212 -0.174 -0.458 -0.098 -0.199 -0.098 -0.199 -0.193 -0.028 -0.306 -0.198 -0.3 -0.095 -0.343 -0.064 0.039 -0.322 -0.144 0.133 -0.384 -0.123 -0.106 -0.365 -0.043 -0.191 -0.318 -0.152 -0.367 -0.564 -0.291 -0.463 -0.151 -0.352 -0.038 -0.022 -0.193 -0.344 -0.155 -0.084
"41" 7 "WALKING_DOWNSTAIRS" 0.28 -0.017 -0.097 0.066 -0.138 -0.064 0.931 -0.13 -0.155 -0.965 -0.953 -0.929 0.097 -0.019 -0.016 0.029 -0.296 -0.347 -0.105 -0.05 0.117 -0.408 -0.293 -0.401 -0.06 -0.038 -0.079 -0.511 -0.3 -0.425 0.02 0.215 0.02 0.215 -0.17 0.09 -0.189 -0.26 -0.399 -0.295 0.044 -0.145 -0.139 0.073 -0.19 -0.1 -0.031 -0.316 -0.296 -0.004 -0.324 -0.398 -0.339 -0.214 -0.3 -0.433 -0.352 -0.495 0.219 0.021 0.067 0.108 -0.255 -0.397 -0.289 -0.354
"42" 7 "WALKING_UPSTAIRS" 0.249 -0.028 -0.144 -0.295 -0.326 -0.146 0.819 -0.241 -0.404 -0.933 -0.94 -0.882 0.072 -0.001 0 -0.415 -0.52 -0.608 -0.139 -0.002 0.139 -0.364 -0.573 -0.349 -0.086 -0.048 -0.072 -0.617 -0.671 -0.682 -0.198 -0.335 -0.198 -0.335 -0.459 -0.471 -0.239 -0.418 -0.662 -0.676 -0.336 -0.382 -0.317 -0.28 -0.341 -0.125 -0.455 -0.537 -0.582 -0.427 -0.534 -0.632 -0.384 -0.568 -0.408 -0.369 -0.58 -0.393 -0.379 -0.415 -0.455 -0.497 -0.534 -0.445 -0.673 -0.704
"43" 8 "LAYING" 0.261 -0.021 -0.102 -0.943 -0.935 -0.932 -0.406 0.59 0.72 -0.919 -0.958 -0.942 0.088 0.023 -0.017 -0.973 -0.977 -0.966 0.005 -0.089 0.138 -0.965 -0.952 -0.968 -0.106 -0.039 -0.069 -0.97 -0.974 -0.988 -0.935 -0.913 -0.935 -0.913 -0.973 -0.963 -0.924 -0.932 -0.978 -0.969 -0.954 -0.952 -0.944 -0.94 -0.931 -0.931 -0.973 -0.976 -0.962 -0.976 -0.979 -0.969 -0.958 -0.957 -0.967 -0.968 -0.95 -0.971 -0.932 -0.917 -0.962 -0.964 -0.945 -0.937 -0.968 -0.972
"44" 8 "SITTING" 0.267 -0.007 -0.104 -0.979 -0.927 -0.94 0.832 0.24 0.264 -0.967 -0.937 -0.935 0.079 -0.007 -0.011 -0.985 -0.981 -0.985 -0.055 -0.096 0.072 -0.985 -0.972 -0.96 -0.092 -0.04 -0.045 -0.993 -0.989 -0.985 -0.952 -0.93 -0.952 -0.93 -0.986 -0.981 -0.933 -0.953 -0.992 -0.987 -0.981 -0.944 -0.959 -0.978 -0.924 -0.934 -0.985 -0.98 -0.983 -0.987 -0.983 -0.986 -0.982 -0.977 -0.962 -0.985 -0.969 -0.963 -0.948 -0.932 -0.981 -0.979 -0.966 -0.953 -0.988 -0.986
"45" 8 "STANDING" 0.28 -0.015 -0.106 -0.989 -0.938 -0.926 0.958 -0.09 -0.098 -0.988 -0.959 -0.918 0.075 0.008 0.003 -0.989 -0.976 -0.983 -0.022 -0.028 0.064 -0.973 -0.969 -0.974 -0.098 -0.049 -0.048 -0.982 -0.986 -0.989 -0.954 -0.937 -0.954 -0.937 -0.985 -0.98 -0.953 -0.953 -0.988 -0.982 -0.988 -0.95 -0.95 -0.989 -0.936 -0.92 -0.989 -0.976 -0.979 -0.99 -0.979 -0.984 -0.97 -0.973 -0.976 -0.974 -0.968 -0.976 -0.954 -0.939 -0.98 -0.979 -0.965 -0.954 -0.984 -0.982
"46" 8 "WALKING" 0.275 -0.019 -0.107 -0.174 0.381 -0.142 0.914 -0.217 -0.186 -0.975 -0.957 -0.957 0.07 -0.006 -0.001 -0.259 0.234 -0.383 0.024 -0.096 0.051 -0.199 -0.212 -0.075 -0.136 -0.031 -0.052 -0.246 -0.428 -0.388 0.052 -0.18 0.052 -0.18 -0.067 -0.185 -0.003 -0.239 -0.339 -0.503 -0.247 0.317 -0.239 -0.148 0.325 -0.158 -0.311 0.08 -0.362 -0.271 0.316 -0.404 -0.102 -0.26 -0.133 -0.234 -0.191 -0.143 -0.095 -0.361 -0.124 -0.276 -0.301 -0.327 -0.473 -0.581
"47" 8 "WALKING_DOWNSTAIRS" 0.283 -0.021 -0.108 0.024 0.344 0.134 0.914 -0.188 -0.142 -0.946 -0.942 -0.897 0.119 -0.038 -0.039 0.25 0.288 -0.014 -0.121 -0.05 0.114 -0.258 0.024 -0.13 -0.035 -0.053 -0.087 -0.268 -0.07 -0.19 0.177 0.131 0.177 0.131 0.263 0.253 0.099 -0.047 -0.126 -0.157 0.137 0.388 0.16 -0.026 0.232 0.021 0.215 0.221 0.059 0.173 0.274 -0.085 -0.131 0.116 0.028 -0.303 -0.046 -0.268 0.302 -0.156 0.332 0.135 0 -0.256 -0.125 -0.263
"48" 8 "WALKING_UPSTAIRS" 0.259 -0.028 -0.115 -0.172 0.349 0.121 0.86 -0.291 -0.192 -0.927 -0.931 -0.876 0.081 0.014 -0.067 -0.187 -0.012 -0.448 0.193 -0.204 -0.072 -0.367 -0.067 0.338 -0.155 -0.028 -0.053 -0.405 -0.425 -0.43 0.121 -0.227 0.121 -0.227 -0.141 -0.228 0.166 -0.109 -0.401 -0.494 -0.166 0.263 -0.073 -0.175 0.305 0.134 -0.2 -0.026 -0.387 -0.247 -0.07 -0.508 -0.24 -0.113 0.166 -0.41 -0.048 0.263 -0.13 -0.409 -0.132 -0.379 -0.23 -0.183 -0.463 -0.576
"49" 9 "LAYING" 0.259 -0.021 -0.108 -0.942 -0.916 -0.941 -0.58 -0.119 0.958 -0.922 -0.97 -0.971 0.088 0.012 -0.007 -0.965 -0.964 -0.959 -0.014 -0.159 0.101 -0.942 -0.927 -0.962 -0.104 -0.028 -0.057 -0.945 -0.962 -0.977 -0.931 -0.915 -0.931 -0.915 -0.963 -0.955 -0.907 -0.899 -0.965 -0.953 -0.947 -0.934 -0.946 -0.941 -0.913 -0.942 -0.964 -0.964 -0.956 -0.969 -0.967 -0.96 -0.93 -0.935 -0.96 -0.946 -0.923 -0.966 -0.927 -0.922 -0.954 -0.955 -0.919 -0.903 -0.956 -0.952
"50" 9 "SITTING" 0.248 -0.027 -0.075 -0.957 -0.875 -0.832 0.916 -0.041 0.085 -0.955 -0.946 -0.886 0.077 0.01 -0.009 -0.965 -0.957 -0.962 -0.042 -0.041 0.081 -0.959 -0.919 -0.93 -0.093 -0.047 -0.053 -0.965 -0.972 -0.969 -0.893 -0.864 -0.893 -0.864 -0.964 -0.952 -0.903 -0.907 -0.973 -0.966 -0.959 -0.912 -0.892 -0.957 -0.868 -0.818 -0.966 -0.958 -0.958 -0.967 -0.959 -0.965 -0.95 -0.94 -0.94 -0.962 -0.911 -0.934 -0.898 -0.869 -0.953 -0.949 -0.934 -0.906 -0.968 -0.966
"51" 9 "STANDING" 0.282 -0.02 -0.095 -0.976 -0.939 -0.919 0.961 -0.01 0.009 -0.989 -0.973 -0.932 0.076 0.013 -0.005 -0.97 -0.964 -0.971 -0.029 -0.061 0.099 -0.922 -0.946 -0.94 -0.096 -0.042 -0.058 -0.949 -0.975 -0.97 -0.945 -0.936 -0.945 -0.936 -0.97 -0.964 -0.921 -0.908 -0.97 -0.965 -0.972 -0.945 -0.942 -0.978 -0.939 -0.914 -0.971 -0.963 -0.967 -0.971 -0.968 -0.973 -0.917 -0.955 -0.942 -0.925 -0.942 -0.945 -0.946 -0.94 -0.963 -0.964 -0.93 -0.911 -0.967 -0.965
"52" 9 "WALKING" 0.279 -0.018 -0.111 -0.238 -0.202 -0.058 0.952 -0.031 -0.116 -0.981 -0.971 -0.956 0.07 0.021 0.004 -0.207 -0.277 -0.41 -0.081 -0.063 0.112 -0.476 -0.467 -0.266 -0.081 -0.036 -0.063 -0.527 -0.549 -0.458 -0.098 -0.379 -0.098 -0.379 -0.204 -0.317 -0.295 -0.49 -0.51 -0.6 -0.295 -0.258 -0.251 -0.218 -0.224 -0.034 -0.314 -0.368 -0.4 -0.17 -0.228 -0.419 -0.384 -0.437 -0.24 -0.507 -0.491 -0.342 -0.319 -0.514 -0.317 -0.322 -0.514 -0.563 -0.603 -0.624
"53" 9 "WALKING_DOWNSTAIRS" 0.296 -0.02 -0.091 0.213 -0.208 -0.008 0.938 -0.035 -0.082 -0.952 -0.936 -0.877 0.13 -0.021 0.003 0.018 -0.309 -0.36 -0.092 -0.071 0.117 -0.396 -0.341 -0.28 -0.095 -0.06 -0.068 -0.51 -0.449 -0.417 0.146 0.265 0.146 0.265 -0.162 0.04 -0.169 -0.322 -0.469 -0.456 0.103 -0.183 -0.104 0.25 -0.274 -0.035 -0.065 -0.314 -0.294 0.009 -0.356 -0.425 -0.325 -0.313 -0.251 -0.424 -0.364 -0.357 0.222 0.089 0.007 0.071 -0.348 -0.424 -0.463 -0.485
"54" 9 "WALKING_UPSTAIRS" 0.262 -0.02 -0.125 -0.361 -0.302 -0.253 0.903 -0.038 -0.266 -0.954 -0.901 -0.894 0.069 0.001 0.008 -0.335 -0.586 -0.647 -0.164 -0.041 0.146 -0.344 -0.401 -0.138 -0.068 -0.03 -0.024 -0.66 -0.709 -0.657 -0.261 -0.4 -0.261 -0.4 -0.441 -0.445 -0.083 -0.426 -0.673 -0.749 -0.343 -0.405 -0.385 -0.37 -0.298 -0.244 -0.402 -0.608 -0.615 -0.327 -0.59 -0.678 -0.314 -0.499 -0.328 -0.362 -0.352 -0.166 -0.373 -0.51 -0.42 -0.485 -0.531 -0.457 -0.734 -0.788
"55" 10 "LAYING" 0.28 -0.024 -0.117 -0.968 -0.946 -0.959 -0.453 -0.139 -0.031 -0.955 -0.967 -0.963 0.074 0.016 0.007 -0.978 -0.967 -0.976 -0.02 -0.077 0.105 -0.962 -0.954 -0.972 -0.1 -0.039 -0.059 -0.966 -0.967 -0.984 -0.957 -0.94 -0.957 -0.94 -0.976 -0.968 -0.938 -0.927 -0.971 -0.96 -0.969 -0.954 -0.964 -0.968 -0.946 -0.96 -0.979 -0.968 -0.973 -0.979 -0.968 -0.979 -0.954 -0.955 -0.97 -0.965 -0.953 -0.975 -0.951 -0.944 -0.969 -0.965 -0.938 -0.934 -0.961 -0.961
"56" 10 "SITTING" 0.271 -0.015 -0.104 -0.983 -0.918 -0.968 0.792 -0.041 0.203 -0.973 -0.936 -0.967 0.078 0.009 -0.005 -0.989 -0.981 -0.988 -0.043 -0.068 0.075 -0.989 -0.984 -0.96 -0.093 -0.041 -0.049 -0.992 -0.993 -0.99 -0.961 -0.94 -0.961 -0.94 -0.988 -0.985 -0.944 -0.963 -0.994 -0.992 -0.985 -0.94 -0.975 -0.982 -0.913 -0.966 -0.989 -0.981 -0.986 -0.99 -0.982 -0.989 -0.986 -0.986 -0.965 -0.99 -0.984 -0.962 -0.955 -0.942 -0.986 -0.983 -0.974 -0.962 -0.992 -0.991
"57" 10 "STANDING" 0.277 -0.016 -0.108 -0.978 -0.92 -0.941 0.954 -0.043 0.035 -0.991 -0.975 -0.96 0.081 0.012 -0.005 -0.964 -0.941 -0.976 -0.028 -0.088 0.103 -0.93 -0.959 -0.954 -0.105 -0.037 -0.058 -0.95 -0.976 -0.969 -0.952 -0.937 -0.952 -0.937 -0.965 -0.952 -0.93 -0.92 -0.972 -0.964 -0.97 -0.923 -0.955 -0.983 -0.922 -0.938 -0.964 -0.942 -0.972 -0.969 -0.945 -0.979 -0.924 -0.96 -0.951 -0.932 -0.958 -0.959 -0.94 -0.945 -0.952 -0.952 -0.938 -0.923 -0.966 -0.965
"58" 10 "WALKING" 0.279 -0.017 -0.109 -0.179 -0.023 -0.396 0.963 -0.084 0.055 -0.974 -0.971 -0.958 0.086 0.004 -0.016 -0.052 0.075 -0.512 0.011 -0.082 0.099 -0.414 -0.251 -0.175 -0.123 -0.052 -0.061 -0.366 -0.51 -0.329 -0.127 -0.186 -0.127 -0.186 -0.133 0.038 -0.156 -0.402 -0.44 -0.501 -0.114 0.053 -0.412 -0.206 -0.13 -0.435 -0.108 0.031 -0.464 -0.079 0.048 -0.559 -0.278 -0.345 -0.109 -0.458 -0.204 -0.273 -0.093 -0.37 0.021 0.05 -0.413 -0.5 -0.515 -0.518
"59" 10 "WALKING_DOWNSTAIRS" 0.29 -0.02 -0.111 0.296 0.004 -0.184 0.94 -0.065 0.042 -0.939 -0.937 -0.902 0.101 0.011 0 0.223 -0.105 -0.318 -0.125 -0.107 0.072 -0.305 -0.311 -0.035 -0.064 -0.049 -0.072 -0.417 -0.472 -0.227 0.251 0.157 0.251 0.157 0.051 0.111 -0.024 -0.28 -0.402 -0.494 0.216 0.009 -0.158 0.325 -0.063 -0.269 0.181 -0.12 -0.241 0.157 -0.153 -0.396 -0.214 -0.272 0.039 -0.34 -0.343 -0.15 0.22 -0.062 0.157 0.038 -0.312 -0.388 -0.484 -0.545
"60" 10 "WALKING_UPSTAIRS" 0.267 -0.014 -0.118 -0.162 -0.006 -0.074 0.932 -0.057 0.023 -0.959 -0.937 -0.865 0.065 0.027 -0.051 -0.187 -0.178 -0.608 0.073 -0.095 0.088 -0.309 0.041 -0.321 -0.157 -0.037 -0.037 -0.427 -0.605 -0.482 -0.027 -0.212 -0.027 -0.212 -0.262 -0.226 0.044 -0.113 -0.523 -0.618 -0.139 -0.039 -0.301 -0.172 -0.052 -0.034 -0.201 -0.207 -0.553 -0.248 -0.203 -0.663 -0.219 -0.236 -0.263 -0.341 0.172 -0.404 -0.167 -0.361 -0.154 -0.334 -0.265 -0.167 -0.601 -0.671
"61" 11 "LAYING" 0.281 -0.018 -0.109 -0.985 -0.972 -0.971 -0.135 0.943 0.113 -0.98 -0.991 -0.984 0.077 0.012 0.003 -0.985 -0.973 -0.982 -0.019 -0.042 0.152 -0.981 -0.982 -0.96 -0.102 -0.041 -0.067 -0.982 -0.991 -0.987 -0.981 -0.973 -0.981 -0.973 -0.983 -0.977 -0.953 -0.955 -0.991 -0.984 -0.984 -0.971 -0.974 -0.985 -0.974 -0.972 -0.985 -0.974 -0.98 -0.987 -0.973 -0.983 -0.976 -0.983 -0.961 -0.982 -0.983 -0.963 -0.974 -0.976 -0.977 -0.975 -0.967 -0.955 -0.986 -0.984
"62" 11 "SITTING" 0.277 -0.015 -0.113 -0.983 -0.921 -0.968 0.872 0.214 0.189 -0.988 -0.95 -0.972 0.076 0 0.008 -0.98 -0.967 -0.983 -0.04 -0.076 0.076 -0.988 -0.982 -0.953 -0.095 -0.039 -0.051 -0.991 -0.989 -0.981 -0.962 -0.945 -0.962 -0.945 -0.979 -0.975 -0.952 -0.96 -0.99 -0.986 -0.981 -0.935 -0.973 -0.983 -0.92 -0.968 -0.981 -0.967 -0.981 -0.982 -0.968 -0.984 -0.985 -0.983 -0.954 -0.989 -0.982 -0.957 -0.953 -0.949 -0.975 -0.972 -0.97 -0.961 -0.987 -0.986
"63" 11 "STANDING" 0.278 -0.017 -0.109 -0.995 -0.964 -0.986 0.956 -0.173 0.127 -0.995 -0.981 -0.989 0.076 0.012 -0.001 -0.993 -0.979 -0.99 -0.029 -0.077 0.081 -0.98 -0.994 -0.981 -0.1 -0.04 -0.052 -0.987 -0.996 -0.991 -0.985 -0.98 -0.985 -0.98 -0.989 -0.989 -0.98 -0.977 -0.993 -0.993 -0.994 -0.969 -0.988 -0.996 -0.964 -0.986 -0.992 -0.979 -0.988 -0.993 -0.981 -0.99 -0.978 -0.994 -0.981 -0.981 -0.994 -0.982 -0.982 -0.982 -0.989 -0.988 -0.983 -0.977 -0.993 -0.992
"64" 11 "WALKING" 0.272 -0.017 -0.106 -0.423 -0.052 -0.531 0.946 -0.212 0.134 -0.981 -0.966 -0.961 0.083 0.013 -0.013 -0.429 -0.181 -0.721 -0.043 -0.071 0.084 -0.596 -0.5 -0.434 -0.092 -0.051 -0.034 -0.542 -0.738 -0.551 -0.288 -0.488 -0.288 -0.488 -0.402 -0.403 -0.422 -0.558 -0.631 -0.754 -0.397 -0.083 -0.616 -0.434 -0.097 -0.523 -0.453 -0.242 -0.693 -0.454 -0.17 -0.748 -0.515 -0.593 -0.398 -0.623 -0.454 -0.499 -0.459 -0.584 -0.395 -0.417 -0.61 -0.6 -0.752 -0.774
"65" 11 "WALKING_DOWNSTAIRS" 0.292 -0.018 -0.111 0.142 0.071 -0.324 0.942 -0.2 0.132 -0.954 -0.926 -0.926 0.09 0.025 -0.023 -0.083 -0.127 -0.58 -0.125 -0.026 0.058 -0.374 -0.496 -0.319 -0.022 -0.052 -0.037 -0.534 -0.685 -0.481 0.126 0.051 0.126 0.051 -0.198 -0.127 -0.198 -0.339 -0.599 -0.678 0.035 0.025 -0.378 0.18 0.026 -0.349 -0.12 -0.177 -0.53 -0.128 -0.13 -0.629 -0.319 -0.528 -0.273 -0.398 -0.481 -0.397 0.09 -0.137 -0.097 -0.174 -0.456 -0.381 -0.668 -0.714
"66" 11 "WALKING_UPSTAIRS" 0.264 -0.03 -0.107 -0.239 -0.103 -0.203 0.893 -0.344 0.147 -0.953 -0.924 -0.907 0.097 -0.013 -0.015 -0.453 -0.428 -0.785 -0.082 -0.057 0.064 -0.501 -0.282 -0.695 -0.065 -0.072 -0.046 -0.66 -0.809 -0.777 -0.133 -0.29 -0.133 -0.29 -0.51 -0.49 -0.255 -0.378 -0.757 -0.801 -0.355 -0.255 -0.552 -0.199 -0.089 -0.114 -0.496 -0.455 -0.765 -0.458 -0.437 -0.804 -0.472 -0.581 -0.675 -0.518 -0.154 -0.73 -0.336 -0.376 -0.476 -0.514 -0.55 -0.381 -0.796 -0.822
"67" 12 "LAYING" 0.26 -0.018 -0.108 -0.955 -0.949 -0.948 -0.379 0.803 0.275 -0.936 -0.974 -0.96 0.085 0.008 -0.004 -0.969 -0.963 -0.971 -0.015 -0.084 0.145 -0.966 -0.954 -0.95 -0.099 -0.041 -0.068 -0.967 -0.966 -0.97 -0.948 -0.937 -0.948 -0.937 -0.97 -0.963 -0.931 -0.936 -0.971 -0.962 -0.956 -0.951 -0.955 -0.955 -0.951 -0.948 -0.969 -0.963 -0.967 -0.973 -0.965 -0.973 -0.957 -0.953 -0.946 -0.969 -0.955 -0.956 -0.944 -0.942 -0.962 -0.962 -0.945 -0.94 -0.964 -0.962
"68" 12 "SITTING" 0.275 -0.016 -0.106 -0.983 -0.929 -0.94 0.926 0.083 0.089 -0.985 -0.964 -0.956 0.077 0.011 -0.002 -0.976 -0.964 -0.979 -0.042 -0.075 0.073 -0.974 -0.96 -0.952 -0.094 -0.039 -0.052 -0.977 -0.979 -0.977 -0.952 -0.948 -0.952 -0.948 -0.975 -0.973 -0.942 -0.947 -0.98 -0.978 -0.98 -0.943 -0.955 -0.984 -0.926 -0.936 -0.977 -0.964 -0.976 -0.978 -0.967 -0.981 -0.969 -0.964 -0.956 -0.976 -0.959 -0.955 -0.956 -0.951 -0.972 -0.973 -0.959 -0.948 -0.978 -0.979
"69" 12 "STANDING" 0.277 -0.017 -0.106 -0.981 -0.923 -0.921 0.957 -0.219 -0.04 -0.985 -0.97 -0.94 0.074 0.01 -0.008 -0.972 -0.953 -0.976 -0.03 -0.07 0.074 -0.884 -0.941 -0.95 -0.098 -0.041 -0.048 -0.955 -0.971 -0.974 -0.941 -0.935 -0.941 -0.935 -0.969 -0.963 -0.888 -0.852 -0.969 -0.962 -0.976 -0.933 -0.947 -0.984 -0.923 -0.914 -0.972 -0.953 -0.971 -0.976 -0.957 -0.979 -0.89 -0.948 -0.953 -0.884 -0.939 -0.954 -0.945 -0.94 -0.961 -0.964 -0.902 -0.85 -0.963 -0.963
"70" 12 "WALKING" 0.277 -0.016 -0.103 -0.129 -0.123 -0.411 0.967 -0.156 -0.036 -0.979 -0.965 -0.95 0.046 0.02 0.005 -0.014 -0.089 -0.512 -0.105 -0.034 0.1 -0.546 -0.449 -0.35 -0.062 -0.05 -0.047 -0.391 -0.581 -0.481 -0.102 -0.237 -0.102 -0.237 -0.144 -0.02 -0.356 -0.413 -0.517 -0.549 -0.054 -0.071 -0.422 -0.161 -0.209 -0.452 -0.082 -0.141 -0.491 -0.031 -0.094 -0.531 -0.402 -0.468 -0.317 -0.593 -0.444 -0.422 -0.153 -0.409 -0.03 -0.014 -0.443 -0.495 -0.561 -0.565
"71" 12 "WALKING_DOWNSTAIRS" 0.282 -0.018 -0.11 0.042 0.111 -0.425 0.95 -0.179 -0.056 -0.96 -0.943 -0.935 0.062 -0.012 0.005 0.006 0.063 -0.499 -0.113 -0.043 0.09 -0.362 -0.476 -0.338 -0.026 -0.061 -0.065 -0.279 -0.517 -0.365 0.018 0.097 0.018 0.097 -0.107 0.066 -0.213 -0.32 -0.443 -0.452 0.024 0.151 -0.402 0.048 0.017 -0.487 -0.007 0.006 -0.452 -0.072 0.052 -0.544 -0.179 -0.421 -0.213 -0.422 -0.519 -0.449 0.148 -0.105 0.077 0.042 -0.345 -0.424 -0.458 -0.487
"72" 12 "WALKING_UPSTAIRS" 0.273 -0.026 -0.107 -0.29 -0.104 -0.437 0.938 -0.259 -0.07 -0.96 -0.941 -0.938 0.073 -0.007 0.009 -0.36 -0.311 -0.719 -0.093 -0.041 0.09 -0.527 -0.523 -0.35 -0.046 -0.034 -0.065 -0.55 -0.761 -0.606 -0.229 -0.286 -0.229 -0.286 -0.432 -0.33 -0.317 -0.526 -0.675 -0.713 -0.321 -0.168 -0.561 -0.279 -0.13 -0.419 -0.386 -0.333 -0.688 -0.391 -0.336 -0.75 -0.426 -0.605 -0.406 -0.56 -0.484 -0.396 -0.29 -0.395 -0.321 -0.347 -0.594 -0.564 -0.714 -0.733
"73" 13 "LAYING" 0.277 -0.02 -0.104 -0.969 -0.951 -0.95 -0.157 0.656 0.599 -0.958 -0.976 -0.96 0.077 0.018 -0.01 -0.985 -0.98 -0.983 -0.01 -0.097 0.118 -0.972 -0.963 -0.967 -0.102 -0.042 -0.065 -0.981 -0.979 -0.99 -0.961 -0.948 -0.961 -0.948 -0.985 -0.98 -0.944 -0.945 -0.985 -0.975 -0.975 -0.966 -0.966 -0.967 -0.947 -0.946 -0.985 -0.98 -0.981 -0.987 -0.981 -0.984 -0.969 -0.969 -0.969 -0.973 -0.96 -0.97 -0.96 -0.949 -0.981 -0.978 -0.958 -0.946 -0.978 -0.973
"74" 13 "SITTING" 0.274 -0.006 -0.097 -0.99 -0.939 -0.939 0.926 0.102 0.076 -0.981 -0.951 -0.931 0.075 -0.001 -0.023 -0.993 -0.984 -0.988 -0.036 -0.09 0.082 -0.986 -0.98 -0.967 -0.096 -0.041 -0.047 -0.991 -0.992 -0.99 -0.958 -0.938 -0.958 -0.938 -0.989 -0.989 -0.951 -0.964 -0.993 -0.991 -0.99 -0.96 -0.956 -0.989 -0.934 -0.934 -0.993 -0.984 -0.985 -0.994 -0.986 -0.989 -0.983 -0.982 -0.968 -0.987 -0.978 -0.969 -0.957 -0.939 -0.988 -0.988 -0.973 -0.964 -0.992 -0.991
"75" 13 "STANDING" 0.278 -0.017 -0.112 -0.991 -0.949 -0.968 0.943 -0.24 -0.052 -0.992 -0.975 -0.977 0.076 0.008 -0.001 -0.988 -0.978 -0.987 -0.03 -0.075 0.085 -0.956 -0.972 -0.973 -0.098 -0.041 -0.054 -0.978 -0.981 -0.985 -0.972 -0.969 -0.972 -0.969 -0.987 -0.982 -0.958 -0.945 -0.984 -0.976 -0.989 -0.959 -0.978 -0.992 -0.947 -0.964 -0.988 -0.978 -0.985 -0.988 -0.979 -0.988 -0.957 -0.973 -0.974 -0.956 -0.971 -0.976 -0.972 -0.97 -0.982 -0.981 -0.957 -0.947 -0.977 -0.976
"76" 13 "WALKING" 0.276 -0.019 -0.111 -0.347 0.142 -0.221 0.911 -0.284 -0.131 -0.973 -0.961 -0.949 0.081 0.003 0.006 -0.221 0.057 -0.375 -0.017 -0.08 0.078 -0.376 -0.29 -0.363 -0.097 -0.032 -0.064 -0.217 -0.358 -0.342 -0.136 -0.293 -0.136 -0.293 -0.133 -0.132 -0.219 -0.253 -0.304 -0.322 -0.335 0.096 -0.247 -0.353 0.092 -0.27 -0.29 -0.044 -0.342 -0.22 0.095 -0.406 -0.193 -0.256 -0.277 -0.436 -0.319 -0.455 -0.235 -0.438 -0.152 -0.114 -0.267 -0.38 -0.339 -0.349
"77" 13 "WALKING_DOWNSTAIRS" 0.295 -0.014 -0.102 -0.068 -0.032 -0.158 0.942 -0.212 -0.095 -0.953 -0.929 -0.894 0.102 -0.008 -0.025 -0.074 -0.149 -0.317 -0.123 -0.024 0.111 -0.417 -0.199 -0.323 -0.065 -0.067 -0.051 -0.464 -0.259 -0.367 -0.029 -0.016 -0.029 -0.016 -0.128 -0.043 -0.102 -0.237 -0.324 -0.276 -0.073 -0.036 -0.151 -0.068 -0.092 -0.233 -0.115 -0.208 -0.276 -0.115 -0.142 -0.357 -0.32 -0.134 -0.213 -0.452 -0.25 -0.427 0.053 -0.211 -0.028 -0.071 -0.206 -0.401 -0.266 -0.343
"78" 13 "WALKING_UPSTAIRS" 0.258 -0.028 -0.126 -0.296 0.104 -0.217 0.848 -0.357 -0.208 -0.946 -0.922 -0.91 0.069 -0.001 -0.025 -0.487 -0.323 -0.661 -0.138 0.004 0.117 -0.541 -0.404 -0.212 -0.066 -0.045 -0.066 -0.631 -0.679 -0.551 -0.101 -0.326 -0.101 -0.326 -0.456 -0.451 -0.237 -0.416 -0.632 -0.669 -0.382 -0.064 -0.405 -0.266 0.115 -0.185 -0.506 -0.369 -0.631 -0.514 -0.319 -0.689 -0.482 -0.492 -0.255 -0.563 -0.364 -0.273 -0.368 -0.409 -0.425 -0.491 -0.485 -0.471 -0.656 -0.712
"79" 14 "LAYING" 0.233 -0.011 -0.087 -0.918 -0.91 -0.9 -0.145 0.485 0.837 -0.862 -0.949 -0.901 0.098 -0.008 -0.032 -0.971 -0.968 -0.972 0.005 -0.153 0.149 -0.957 -0.932 -0.952 -0.105 -0.037 -0.057 -0.97 -0.968 -0.98 -0.906 -0.857 -0.906 -0.857 -0.973 -0.966 -0.905 -0.913 -0.976 -0.964 -0.934 -0.93 -0.928 -0.912 -0.905 -0.894 -0.972 -0.969 -0.969 -0.973 -0.969 -0.975 -0.95 -0.938 -0.949 -0.96 -0.93 -0.958 -0.899 -0.86 -0.968 -0.964 -0.93 -0.918 -0.966 -0.964
"80" 14 "SITTING" 0.28 -0.009 -0.1 -0.976 -0.915 -0.923 0.939 -0.036 -0.095 -0.976 -0.95 -0.938 0.074 -0.004 -0.011 -0.981 -0.968 -0.976 -0.044 -0.071 0.093 -0.981 -0.962 -0.953 -0.092 -0.043 -0.052 -0.99 -0.987 -0.983 -0.944 -0.925 -0.944 -0.925 -0.977 -0.973 -0.943 -0.947 -0.988 -0.987 -0.976 -0.933 -0.944 -0.976 -0.912 -0.918 -0.982 -0.969 -0.973 -0.982 -0.969 -0.978 -0.979 -0.97 -0.957 -0.982 -0.958 -0.956 -0.941 -0.929 -0.973 -0.973 -0.963 -0.947 -0.987 -0.987
"81" 14 "STANDING" 0.281 -0.015 -0.104 -0.973 -0.929 -0.922 0.875 -0.227 -0.338 -0.972 -0.966 -0.941 0.074 0.006 -0.007 -0.978 -0.966 -0.971 -0.022 -0.056 0.079 -0.961 -0.946 -0.947 -0.101 -0.045 -0.051 -0.97 -0.971 -0.975 -0.943 -0.937 -0.943 -0.937 -0.973 -0.97 -0.944 -0.931 -0.975 -0.967 -0.973 -0.942 -0.942 -0.974 -0.926 -0.918 -0.978 -0.967 -0.967 -0.98 -0.968 -0.974 -0.957 -0.951 -0.951 -0.963 -0.944 -0.95 -0.95 -0.94 -0.97 -0.97 -0.944 -0.935 -0.969 -0.966
"82" 14 "WALKING" 0.272 -0.022 -0.107 -0.403 -0.054 0.052 0.803 -0.27 -0.422 -0.975 -0.954 -0.948 0.072 0.024 0.02 -0.454 -0.344 -0.473 -0.003 -0.083 0.051 -0.6 -0.015 -0.126 -0.111 -0.044 -0.039 -0.572 -0.537 -0.497 -0.144 -0.364 -0.144 -0.364 -0.377 -0.44 -0.137 -0.201 -0.52 -0.606 -0.421 -0.175 -0.177 -0.396 -0.054 0.085 -0.472 -0.377 -0.416 -0.485 -0.354 -0.529 -0.509 -0.216 -0.213 -0.63 0.083 -0.18 -0.374 -0.457 -0.432 -0.453 -0.311 -0.266 -0.591 -0.656
"83" 14 "WALKING_DOWNSTAIRS" 0.293 -0.02 -0.093 0.018 0.379 0.452 0.816 -0.264 -0.393 -0.919 -0.921 -0.88 0.043 0.029 0.01 0.013 0.193 -0.134 -0.015 -0.095 0.035 -0.355 0.057 0.356 -0.109 -0.074 -0.062 -0.537 -0.284 0.091 0.186 0.428 0.186 0.428 0.035 0.195 0.166 -0.067 -0.275 -0.275 0.021 0.371 0.281 0.014 0.294 0.428 -0.034 0.165 -0.025 -0.03 0.139 -0.245 -0.295 0.013 0.492 -0.379 0.074 0.183 0.472 0.179 0.186 0.194 -0.079 -0.224 -0.255 -0.357
"84" 14 "WALKING_UPSTAIRS" 0.262 -0.02 -0.112 -0.309 0.307 0.609 0.688 -0.323 -0.495 -0.929 -0.907 -0.875 0.08 -0.018 0.003 -0.369 -0.336 -0.328 0.081 -0.123 -0.044 -0.454 0.477 0.565 -0.128 -0.021 -0.014 -0.647 -0.371 -0.36 0.14 -0.02 0.14 -0.02 -0.284 -0.337 0.366 0.3 -0.4 -0.486 -0.324 0.016 0.192 -0.305 0.356 0.687 -0.383 -0.348 -0.264 -0.411 -0.372 -0.391 -0.441 0.119 0.197 -0.465 0.646 0.522 -0.076 -0.143 -0.289 -0.41 0.049 0.237 -0.457 -0.565
"85" 15 "LAYING" 0.289 -0.017 -0.119 -0.972 -0.963 -0.93 -0.172 0.899 -0.037 -0.962 -0.986 -0.951 0.077 0.012 -0.004 -0.982 -0.971 -0.978 -0.017 -0.062 0.113 -0.957 -0.961 -0.957 -0.102 -0.042 -0.062 -0.974 -0.98 -0.98 -0.955 -0.943 -0.955 -0.943 -0.98 -0.974 -0.945 -0.924 -0.983 -0.974 -0.974 -0.962 -0.952 -0.972 -0.965 -0.924 -0.981 -0.971 -0.975 -0.984 -0.973 -0.981 -0.955 -0.964 -0.958 -0.958 -0.96 -0.96 -0.956 -0.946 -0.974 -0.973 -0.947 -0.924 -0.976 -0.973
"86" 15 "SITTING" 0.273 -0.012 -0.114 -0.987 -0.922 -0.949 0.89 0.211 0.003 -0.983 -0.944 -0.953 0.078 -0.009 -0.002 -0.988 -0.978 -0.987 -0.038 -0.08 0.095 -0.988 -0.975 -0.964 -0.095 -0.04 -0.052 -0.993 -0.99 -0.988 -0.959 -0.938 -0.959 -0.938 -0.986 -0.985 -0.957 -0.963 -0.992 -0.99 -0.987 -0.939 -0.963 -0.987 -0.919 -0.946 -0.988 -0.978 -0.985 -0.989 -0.98 -0.988 -0.986 -0.979 -0.967 -0.989 -0.973 -0.966 -0.95 -0.941 -0.985 -0.983 -0.974 -0.963 -0.99 -0.99
"87" 15 "STANDING" 0.279 -0.018 -0.106 -0.989 -0.932 -0.952 0.966 -0.165 0.065 -0.988 -0.966 -0.959 0.075 0.006 -0.007 -0.985 -0.968 -0.985 -0.026 -0.066 0.076 -0.948 -0.971 -0.968 -0.101 -0.044 -0.052 -0.972 -0.988 -0.981 -0.961 -0.949 -0.961 -0.949 -0.981 -0.98 -0.947 -0.931 -0.984 -0.981 -0.987 -0.943 -0.965 -0.99 -0.93 -0.948 -0.985 -0.968 -0.983 -0.987 -0.97 -0.987 -0.95 -0.975 -0.968 -0.948 -0.969 -0.971 -0.96 -0.95 -0.979 -0.98 -0.957 -0.929 -0.983 -0.98
"88" 15 "WALKING" 0.274 -0.017 -0.108 -0.328 0.139 -0.519 0.952 -0.234 0.076 -0.978 -0.971 -0.958 0.09 0.009 0.001 -0.373 -0.032 -0.686 -0.055 -0.061 0.084 -0.33 -0.421 -0.487 -0.078 -0.055 -0.051 -0.284 -0.702 -0.592 -0.187 -0.324 -0.187 -0.324 -0.32 -0.31 -0.244 -0.426 -0.544 -0.638 -0.317 0.111 -0.555 -0.333 0.081 -0.537 -0.391 -0.067 -0.649 -0.412 -0.061 -0.723 -0.253 -0.535 -0.461 -0.358 -0.365 -0.544 -0.275 -0.458 -0.29 -0.342 -0.489 -0.482 -0.645 -0.654
"89" 15 "WALKING_DOWNSTAIRS" 0.28 -0.006 -0.111 0.406 0.187 -0.282 0.932 -0.167 0.079 -0.943 -0.926 -0.934 0.071 0.015 -0.01 0.135 0.016 -0.404 -0.137 -0.035 0.071 -0.319 -0.373 -0.251 -0.048 -0.05 -0.034 -0.456 -0.575 -0.395 0.32 0.353 0.32 0.353 -0.037 0.16 -0.122 -0.284 -0.509 -0.564 0.235 0.168 -0.26 0.466 0.12 -0.357 0.062 -0.027 -0.345 0.108 -0.007 -0.462 -0.227 -0.402 -0.183 -0.352 -0.361 -0.344 0.331 0.153 0.158 0.151 -0.374 -0.349 -0.565 -0.593
"90" 15 "WALKING_UPSTAIRS" 0.27 -0.029 -0.117 -0.026 -0.004 -0.38 0.919 -0.315 0.081 -0.953 -0.928 -0.922 0.073 -0.004 -0.005 -0.187 -0.312 -0.749 0.09 -0.155 0.091 -0.415 -0.33 -0.477 -0.144 -0.037 -0.077 -0.526 -0.763 -0.658 -0.001 -0.137 -0.001 -0.137 -0.316 -0.313 -0.201 -0.288 -0.664 -0.749 -0.075 -0.102 -0.54 -0.008 -0.019 -0.35 -0.237 -0.338 -0.715 -0.207 -0.33 -0.783 -0.361 -0.517 -0.486 -0.437 -0.244 -0.524 -0.165 -0.256 -0.262 -0.391 -0.454 -0.309 -0.731 -0.793
"91" 16 "LAYING" 0.274 -0.017 -0.107 -0.974 -0.943 -0.965 -0.207 -0.02 0.894 -0.964 -0.966 -0.968 0.078 0.013 -0.002 -0.988 -0.985 -0.988 -0.016 -0.114 0.097 -0.977 -0.971 -0.985 -0.102 -0.035 -0.058 -0.986 -0.989 -0.994 -0.962 -0.958 -0.962 -0.958 -0.988 -0.988 -0.952 -0.959 -0.991 -0.988 -0.98 -0.964 -0.975 -0.971 -0.937 -0.963 -0.989 -0.985 -0.986 -0.989 -0.986 -0.988 -0.976 -0.976 -0.986 -0.978 -0.968 -0.986 -0.968 -0.958 -0.988 -0.987 -0.97 -0.959 -0.989 -0.988
"92" 16 "SITTING" 0.281 -0.01 -0.089 -0.987 -0.952 -0.94 0.942 -0.087 0.089 -0.98 -0.968 -0.946 0.073 0.01 -0.012 -0.991 -0.982 -0.983 -0.041 -0.057 0.08 -0.981 -0.958 -0.96 -0.096 -0.045 -0.059 -0.99 -0.991 -0.988 -0.962 -0.941 -0.962 -0.941 -0.987 -0.984 -0.946 -0.938 -0.992 -0.988 -0.987 -0.961 -0.96 -0.987 -0.95 -0.935 -0.991 -0.982 -0.981 -0.992 -0.983 -0.984 -0.979 -0.967 -0.96 -0.982 -0.954 -0.964 -0.958 -0.943 -0.984 -0.982 -0.954 -0.939 -0.989 -0.988
"93" 16 "STANDING" 0.283 -0.017 -0.104 -0.989 -0.96 -0.953 0.942 -0.058 -0.167 -0.985 -0.981 -0.96 0.074 0.012 -0.005 -0.991 -0.983 -0.988 -0.03 -0.069 0.087 -0.973 -0.98 -0.982 -0.1 -0.042 -0.054 -0.987 -0.993 -0.993 -0.97 -0.957 -0.97 -0.957 -0.989 -0.987 -0.973 -0.964 -0.993 -0.991 -0.989 -0.969 -0.97 -0.989 -0.958 -0.949 -0.991 -0.982 -0.986 -0.992 -0.984 -0.989 -0.973 -0.984 -0.984 -0.974 -0.978 -0.984 -0.971 -0.957 -0.987 -0.986 -0.975 -0.964 -0.991 -0.991
"94" 16 "WALKING" 0.276 -0.02 -0.109 -0.405 -0.315 -0.16 0.926 -0.067 -0.217 -0.982 -0.974 -0.961 0.077 0.01 0.004 -0.396 -0.426 -0.44 -0.015 -0.07 0.082 -0.654 -0.613 -0.365 -0.111 -0.043 -0.053 -0.676 -0.712 -0.571 -0.259 -0.472 -0.259 -0.472 -0.363 -0.403 -0.486 -0.665 -0.672 -0.723 -0.395 -0.322 -0.244 -0.409 -0.354 -0.181 -0.441 -0.454 -0.422 -0.403 -0.434 -0.457 -0.596 -0.62 -0.433 -0.674 -0.612 -0.403 -0.41 -0.592 -0.378 -0.441 -0.669 -0.721 -0.721 -0.746
"95" 16 "WALKING_DOWNSTAIRS" 0.296 -0.018 -0.12 0.207 -0.147 0.011 0.918 -0.058 -0.225 -0.958 -0.955 -0.911 0.091 -0.015 -0.029 -0.101 -0.262 -0.303 -0.023 -0.068 0.084 -0.454 -0.528 -0.445 -0.104 -0.057 -0.061 -0.624 -0.583 -0.541 0.191 0.119 0.191 0.119 -0.166 -0.078 -0.31 -0.422 -0.591 -0.596 0.037 -0.135 -0.048 0.266 -0.209 -0.038 -0.155 -0.29 -0.242 -0.126 -0.282 -0.364 -0.421 -0.48 -0.375 -0.47 -0.565 -0.521 0.114 -0.053 -0.075 -0.092 -0.488 -0.48 -0.59 -0.633
"96" 16 "WALKING_UPSTAIRS" 0.256 -0.014 -0.124 -0.397 -0.164 -0.129 0.827 -0.081 -0.379 -0.948 -0.934 -0.908 0.076 0.017 0.038 -0.521 -0.426 -0.593 0.072 -0.049 -0.008 -0.508 -0.586 -0.365 -0.141 -0.03 -0.035 -0.707 -0.775 -0.717 -0.234 -0.335 -0.234 -0.335 -0.483 -0.493 -0.308 -0.518 -0.738 -0.797 -0.475 -0.268 -0.336 -0.37 -0.166 -0.095 -0.546 -0.469 -0.565 -0.538 -0.417 -0.62 -0.532 -0.642 -0.492 -0.51 -0.56 -0.387 -0.371 -0.419 -0.476 -0.52 -0.631 -0.532 -0.788 -0.825
"97" 17 "LAYING" 0.27 -0.017 -0.107 -0.973 -0.945 -0.953 -0.199 0.659 0.723 -0.961 -0.961 -0.957 0.078 0.007 0 -0.981 -0.977 -0.983 -0.023 -0.094 0.111 -0.976 -0.971 -0.976 -0.102 -0.036 -0.06 -0.981 -0.983 -0.988 -0.953 -0.948 -0.953 -0.948 -0.982 -0.98 -0.961 -0.959 -0.986 -0.982 -0.974 -0.955 -0.965 -0.972 -0.943 -0.95 -0.981 -0.977 -0.98 -0.983 -0.978 -0.984 -0.972 -0.974 -0.976 -0.977 -0.971 -0.978 -0.961 -0.949 -0.98 -0.98 -0.969 -0.96 -0.983 -0.982
"98" 17 "SITTING" 0.277 -0.014 -0.114 -0.994 -0.962 -0.966 0.945 -0.003 -0.136 -0.99 -0.967 -0.957 0.075 0.006 -0.002 -0.994 -0.989 -0.991 -0.043 -0.067 0.086 -0.99 -0.986 -0.98 -0.094 -0.041 -0.051 -0.995 -0.995 -0.994 -0.973 -0.965 -0.973 -0.965 -0.993 -0.991 -0.967 -0.975 -0.996 -0.994 -0.994 -0.97 -0.975 -0.995 -0.96 -0.963 -0.995 -0.988 -0.989 -0.995 -0.99 -0.991 -0.988 -0.989 -0.982 -0.99 -0.985 -0.981 -0.974 -0.965 -0.991 -0.99 -0.983 -0.975 -0.995 -0.994
"99" 17 "STANDING" 0.278 -0.017 -0.111 -0.991 -0.968 -0.97 0.905 -0.257 -0.203 -0.986 -0.976 -0.969 0.074 0.007 -0.004 -0.992 -0.987 -0.991 -0.027 -0.077 0.088 -0.981 -0.985 -0.986 -0.101 -0.04 -0.055 -0.989 -0.994 -0.992 -0.978 -0.975 -0.978 -0.975 -0.992 -0.99 -0.978 -0.978 -0.994 -0.992 -0.991 -0.974 -0.98 -0.991 -0.966 -0.967 -0.992 -0.986 -0.99 -0.993 -0.988 -0.991 -0.981 -0.987 -0.986 -0.982 -0.984 -0.987 -0.981 -0.976 -0.99 -0.989 -0.984 -0.977 -0.993 -0.992
"100" 17 "WALKING" 0.272 -0.018 -0.11 -0.32 -0.018 -0.266 0.928 -0.18 -0.19 -0.981 -0.969 -0.957 0.077 0.013 0.024 -0.355 -0.094 -0.534 -0.009 -0.084 0.076 -0.48 -0.455 -0.386 -0.11 -0.038 -0.051 -0.431 -0.56 -0.524 -0.151 -0.462 -0.151 -0.462 -0.301 -0.276 -0.335 -0.522 -0.517 -0.54 -0.361 -0.065 -0.383 -0.305 -0.056 -0.262 -0.423 -0.194 -0.523 -0.344 -0.047 -0.544 -0.408 -0.49 -0.399 -0.505 -0.439 -0.439 -0.429 -0.565 -0.336 -0.211 -0.519 -0.615 -0.583 -0.52
"101" 17 "WALKING_DOWNSTAIRS" 0.294 -0.017 -0.089 0.188 -0.061 -0.231 0.929 -0.151 -0.161 -0.95 -0.947 -0.901 0.118 -0.011 -0.009 -0.103 -0.304 -0.536 0.068 -0.124 0.016 -0.37 -0.459 -0.468 -0.108 -0.038 -0.058 -0.527 -0.572 -0.543 0.149 0.091 0.149 0.091 -0.222 -0.207 -0.233 -0.353 -0.54 -0.592 -0.023 -0.13 -0.318 0.259 -0.086 -0.245 -0.215 -0.351 -0.499 -0.072 -0.299 -0.573 -0.316 -0.451 -0.403 -0.393 -0.469 -0.541 0.058 -0.062 -0.189 -0.237 -0.409 -0.429 -0.577 -0.643
"102" 17 "WALKING_UPSTAIRS" 0.253 -0.023 -0.121 -0.063 -0.013 -0.23 0.854 -0.284 -0.298 -0.949 -0.916 -0.93 0.077 0.031 0.008 -0.293 -0.35 -0.657 -0.03 -0.055 0.056 -0.497 -0.493 -0.234 -0.143 -0.041 -0.022 -0.606 -0.677 -0.611 -0.013 -0.103 -0.013 -0.103 -0.357 -0.391 -0.235 -0.441 -0.637 -0.682 -0.14 -0.118 -0.4 -0.036 -0.025 -0.205 -0.36 -0.377 -0.633 -0.287 -0.365 -0.68 -0.416 -0.521 -0.324 -0.524 -0.481 -0.278 -0.15 -0.217 -0.36 -0.437 -0.504 -0.496 -0.669 -0.724
"103" 18 "LAYING" 0.275 -0.017 -0.108 -0.985 -0.986 -0.988 -0.221 0.72 0.605 -0.983 -0.994 -0.991 0.075 0.012 -0.001 -0.986 -0.986 -0.991 -0.025 -0.084 0.094 -0.993 -0.984 -0.985 -0.1 -0.039 -0.059 -0.996 -0.991 -0.993 -0.986 -0.986 -0.986 -0.986 -0.988 -0.99 -0.981 -0.981 -0.993 -0.992 -0.985 -0.985 -0.989 -0.984 -0.987 -0.987 -0.986 -0.986 -0.989 -0.987 -0.986 -0.991 -0.992 -0.986 -0.985 -0.993 -0.983 -0.986 -0.987 -0.988 -0.989 -0.99 -0.984 -0.981 -0.992 -0.993
"104" 18 "SITTING" 0.277 -0.013 -0.112 -0.994 -0.975 -0.978 0.91 0.13 0.162 -0.994 -0.984 -0.978 0.077 0.007 0.003 -0.992 -0.984 -0.99 -0.033 -0.069 0.085 -0.992 -0.987 -0.982 -0.095 -0.04 -0.052 -0.994 -0.994 -0.993 -0.984 -0.982 -0.984 -0.982 -0.99 -0.991 -0.978 -0.981 -0.995 -0.995 -0.993 -0.977 -0.983 -0.995 -0.975 -0.976 -0.992 -0.984 -0.989 -0.992 -0.986 -0.99 -0.99 -0.989 -0.983 -0.993 -0.986 -0.983 -0.985 -0.982 -0.99 -0.991 -0.987 -0.981 -0.995 -0.995
"105" 18 "STANDING" 0.278 -0.017 -0.108 -0.992 -0.954 -0.962 0.948 -0.204 -0.049 -0.994 -0.981 -0.976 0.075 0.01 -0.002 -0.989 -0.975 -0.988 -0.027 -0.073 0.084 -0.962 -0.98 -0.973 -0.099 -0.041 -0.053 -0.982 -0.991 -0.986 -0.973 -0.972 -0.973 -0.972 -0.986 -0.986 -0.963 -0.96 -0.989 -0.989 -0.99 -0.961 -0.976 -0.993 -0.953 -0.957 -0.99 -0.975 -0.986 -0.99 -0.977 -0.989 -0.964 -0.984 -0.974 -0.962 -0.979 -0.975 -0.977 -0.973 -0.985 -0.986 -0.972 -0.959 -0.989 -0.988
"106" 18 "WALKING" 0.274 -0.018 -0.104 -0.376 -0.227 -0.428 0.924 -0.254 -0.061 -0.983 -0.975 -0.972 0.077 0.028 0.011 -0.368 -0.32 -0.633 -0.04 -0.061 0.094 -0.704 -0.496 -0.511 -0.097 -0.043 -0.05 -0.578 -0.695 -0.663 -0.288 -0.46 -0.288 -0.46 -0.379 -0.425 -0.5 -0.609 -0.636 -0.727 -0.371 -0.244 -0.49 -0.378 -0.267 -0.44 -0.415 -0.362 -0.601 -0.376 -0.32 -0.664 -0.61 -0.571 -0.538 -0.735 -0.461 -0.548 -0.424 -0.566 -0.414 -0.444 -0.62 -0.669 -0.711 -0.769
"107" 18 "WALKING_DOWNSTAIRS" 0.288 -0.017 -0.103 -0.303 -0.254 -0.419 0.932 -0.226 -0.049 -0.96 -0.933 -0.922 0.081 -0.001 -0.014 -0.387 -0.447 -0.651 -0.058 -0.064 0.099 -0.502 -0.617 -0.484 -0.084 -0.051 -0.057 -0.677 -0.753 -0.606 -0.294 -0.23 -0.294 -0.23 -0.467 -0.383 -0.381 -0.508 -0.702 -0.744 -0.35 -0.309 -0.506 -0.286 -0.274 -0.418 -0.413 -0.466 -0.622 -0.416 -0.465 -0.679 -0.489 -0.642 -0.447 -0.514 -0.608 -0.544 -0.242 -0.344 -0.383 -0.387 -0.605 -0.534 -0.744 -0.763
"108" 18 "WALKING_UPSTAIRS" 0.265 -0.022 -0.113 -0.38 -0.211 -0.314 0.883 -0.317 -0.106 -0.962 -0.942 -0.908 0.081 0.021 0.009 -0.563 -0.568 -0.761 -0.047 -0.053 0.091 -0.594 -0.507 -0.434 -0.09 -0.053 -0.069 -0.761 -0.829 -0.719 -0.279 -0.372 -0.279 -0.372 -0.601 -0.579 -0.369 -0.528 -0.782 -0.836 -0.465 -0.363 -0.523 -0.351 -0.191 -0.27 -0.589 -0.58 -0.736 -0.575 -0.586 -0.785 -0.592 -0.65 -0.504 -0.601 -0.443 -0.466 -0.437 -0.436 -0.574 -0.588 -0.654 -0.533 -0.826 -0.861
"109" 19 "LAYING" 0.273 -0.017 -0.109 -0.965 -0.973 -0.985 -0.68 0.726 0.688 -0.959 -0.987 -0.989 0.077 0.011 -0.001 -0.984 -0.975 -0.988 -0.031 -0.095 0.109 -0.981 -0.964 -0.973 -0.096 -0.037 -0.06 -0.976 -0.985 -0.987 -0.966 -0.963 -0.966 -0.963 -0.985 -0.981 -0.953 -0.956 -0.985 -0.98 -0.975 -0.973 -0.985 -0.962 -0.975 -0.985 -0.983 -0.975 -0.987 -0.985 -0.976 -0.989 -0.974 -0.972 -0.974 -0.984 -0.96 -0.975 -0.972 -0.964 -0.981 -0.979 -0.966 -0.957 -0.982 -0.979
"110" 19 "SITTING" 0.274 -0.017 -0.109 -0.976 -0.95 -0.952 0.581 0.36 0.489 -0.969 -0.97 -0.96 0.075 0.014 0.002 -0.987 -0.979 -0.987 -0.021 -0.052 0.097 -0.985 -0.96 -0.966 -0.101 -0.043 -0.059 -0.988 -0.987 -0.985 -0.962 -0.952 -0.962 -0.952 -0.986 -0.984 -0.942 -0.95 -0.989 -0.986 -0.979 -0.961 -0.966 -0.975 -0.948 -0.948 -0.987 -0.979 -0.984 -0.989 -0.981 -0.988 -0.982 -0.968 -0.968 -0.986 -0.956 -0.968 -0.963 -0.953 -0.984 -0.984 -0.964 -0.95 -0.987 -0.985
"111" 19 "STANDING" 0.278 -0.015 -0.109 -0.99 -0.944 -0.953 0.944 -0.224 0.131 -0.992 -0.971 -0.959 0.075 0.01 0.001 -0.985 -0.971 -0.986 -0.025 -0.063 0.071 -0.946 -0.97 -0.961 -0.099 -0.042 -0.052 -0.975 -0.988 -0.983 -0.961 -0.963 -0.961 -0.963 -0.983 -0.98 -0.942 -0.938 -0.986 -0.983 -0.987 -0.953 -0.969 -0.991 -0.943 -0.948 -0.985 -0.97 -0.983 -0.986 -0.974 -0.988 -0.948 -0.975 -0.965 -0.947 -0.967 -0.963 -0.969 -0.964 -0.979 -0.979 -0.959 -0.937 -0.985 -0.982
"112" 19 "WALKING" 0.274 -0.019 -0.123 -0.049 0.182 -0.139 0.935 -0.223 -0.09 -0.97 -0.959 -0.929 0.082 0.014 -0.033 0.11 0.081 -0.179 -0.027 -0.075 0.08 -0.026 -0.114 -0.104 -0.083 -0.031 -0.06 0.08 -0.292 -0.213 0.065 -0.099 0.065 -0.099 0.109 0.036 0.1 -0.022 -0.165 -0.271 -0.03 0.169 -0.104 -0.058 0.113 -0.234 0.034 0.011 -0.129 0.091 0.085 -0.228 0.228 -0.097 -0.011 -0.108 -0.133 -0.22 0.032 -0.325 0.073 -0.022 -0.095 -0.142 -0.262 -0.336
"113" 19 "WALKING_DOWNSTAIRS" 0.263 -0.015 -0.134 0.627 0.515 0.049 0.882 -0.215 -0.126 -0.9 -0.918 -0.899 0.073 -0.039 -0.01 0.544 0.355 -0.02 -0.206 0.027 0.164 0.268 0.048 -0.031 -0.034 -0.039 -0.055 0.179 -0.015 0.117 0.645 0.413 0.645 0.413 0.434 0.451 0.418 0.238 0.088 -0.044 0.537 0.494 0.111 0.659 0.428 -0.078 0.474 0.277 0.06 0.477 0.35 -0.098 0.475 0.147 0.211 0.197 -0.028 -0.216 0.587 0.083 0.538 0.316 0.204 0.032 -0.023 -0.143
"114" 19 "WALKING_UPSTAIRS" 0.242 -0.03 -0.151 -0.129 0.176 -0.19 0.829 -0.387 -0.221 -0.916 -0.901 -0.837 0.083 0.057 0.032 -0.174 -0.013 -0.444 0.039 -0.135 0 -0.407 -0.173 -0.11 -0.102 -0.035 -0.053 -0.239 -0.492 -0.375 0.017 -0.178 0.017 -0.178 -0.114 -0.284 -0.062 -0.264 -0.373 -0.507 -0.157 0.112 -0.22 -0.12 0.133 -0.24 -0.205 -0.074 -0.381 -0.217 -0.013 -0.508 -0.194 -0.225 -0.066 -0.478 -0.15 -0.207 -0.08 -0.368 -0.187 -0.435 -0.289 -0.377 -0.477 -0.588
"115" 20 "LAYING" 0.24 -0.014 -0.104 -0.962 -0.964 -0.973 -0.472 0.865 0.478 -0.929 -0.976 -0.977 0.089 0.001 -0.003 -0.984 -0.977 -0.985 -0.023 -0.095 0.124 -0.984 -0.973 -0.972 -0.1 -0.039 -0.061 -0.989 -0.982 -0.987 -0.961 -0.939 -0.961 -0.939 -0.985 -0.98 -0.96 -0.962 -0.987 -0.981 -0.966 -0.966 -0.976 -0.961 -0.965 -0.972 -0.984 -0.977 -0.983 -0.986 -0.978 -0.986 -0.983 -0.973 -0.972 -0.985 -0.973 -0.975 -0.953 -0.942 -0.98 -0.98 -0.97 -0.964 -0.981 -0.982
"116" 20 "SITTING" 0.278 -0.015 -0.108 -0.983 -0.936 -0.929 0.924 0.073 0.152 -0.986 -0.967 -0.936 0.075 0.006 0.002 -0.982 -0.971 -0.977 -0.036 -0.065 0.064 -0.976 -0.96 -0.946 -0.096 -0.041 -0.047 -0.977 -0.98 -0.98 -0.953 -0.938 -0.953 -0.938 -0.979 -0.973 -0.94 -0.941 -0.983 -0.975 -0.981 -0.945 -0.948 -0.984 -0.935 -0.925 -0.982 -0.971 -0.973 -0.984 -0.973 -0.978 -0.97 -0.965 -0.951 -0.978 -0.958 -0.949 -0.947 -0.942 -0.972 -0.973 -0.953 -0.944 -0.976 -0.975
"117" 20 "STANDING" 0.278 -0.018 -0.1 -0.967 -0.875 -0.913 0.911 -0.306 0.071 -0.982 -0.957 -0.942 0.076 0.012 -0.006 -0.96 -0.936 -0.959 -0.024 -0.07 0.077 -0.887 -0.904 -0.907 -0.102 -0.043 -0.052 -0.922 -0.948 -0.949 -0.922 -0.911 -0.922 -0.911 -0.957 -0.938 -0.884 -0.844 -0.948 -0.926 -0.962 -0.898 -0.93 -0.97 -0.873 -0.911 -0.96 -0.936 -0.953 -0.963 -0.94 -0.964 -0.881 -0.911 -0.911 -0.891 -0.901 -0.915 -0.921 -0.919 -0.94 -0.936 -0.879 -0.849 -0.93 -0.927
"118" 20 "WALKING" 0.273 -0.021 -0.114 -0.208 0.49 -0.229 0.9 -0.344 -0.035 -0.97 -0.962 -0.954 0.084 -0.021 0.006 -0.091 0.244 -0.388 -0.023 -0.074 0.085 -0.233 0.086 -0.166 -0.068 -0.051 -0.055 -0.253 -0.128 -0.227 0.039 -0.157 0.039 -0.157 -0.043 0.021 0.069 -0.037 -0.195 -0.15 -0.147 0.403 -0.272 -0.235 0.438 -0.266 -0.139 0.158 -0.346 -0.122 0.256 -0.428 -0.094 0.031 -0.109 -0.28 0.108 -0.265 -0.004 -0.39 0.055 -0.031 -0.052 -0.196 -0.18 -0.172
"119" 20 "WALKING_DOWNSTAIRS" 0.296 -0.01 -0.105 0.075 0.617 -0.161 0.92 -0.277 -0.028 -0.94 -0.909 -0.92 0.07 0.004 -0.003 -0.136 0.29 -0.382 -0.111 0.014 0.104 -0.205 -0.147 0.16 -0.045 -0.058 -0.062 -0.249 -0.335 0.003 0.222 0.173 0.222 0.173 -0.061 0.047 0.094 -0.031 -0.268 -0.276 -0.034 0.524 -0.188 0.113 0.56 -0.214 -0.199 0.206 -0.356 -0.147 0.293 -0.405 -0.063 -0.138 0.257 -0.253 -0.16 0.018 0.152 0 0.014 0.079 -0.101 -0.152 -0.312 -0.282
"120" 20 "WALKING_UPSTAIRS" 0.252 -0.028 -0.121 -0.116 0.152 -0.229 0.777 -0.48 -0.13 -0.931 -0.925 -0.904 0.084 0.007 -0.025 -0.186 -0.261 -0.514 0.066 -0.175 0.059 -0.493 -0.105 0.184 -0.148 -0.019 -0.052 -0.471 -0.394 -0.254 0.009 -0.198 0.009 -0.198 -0.256 -0.239 0.022 -0.254 -0.372 -0.455 -0.14 -0.029 -0.318 -0.108 0.165 -0.242 -0.256 -0.312 -0.493 -0.187 -0.255 -0.533 -0.373 -0.162 0.115 -0.532 -0.079 0.095 -0.205 -0.32 -0.215 -0.28 -0.287 -0.361 -0.45 -0.503
"121" 21 "LAYING" 0.271 -0.018 -0.103 -0.955 -0.957 -0.946 -0.174 0.6 0.788 -0.946 -0.984 -0.952 0.082 0.012 -0.014 -0.985 -0.972 -0.984 -0.031 -0.114 0.098 -0.975 -0.952 -0.981 -0.096 -0.035 -0.06 -0.985 -0.982 -0.989 -0.953 -0.942 -0.953 -0.942 -0.983 -0.979 -0.949 -0.949 -0.986 -0.982 -0.968 -0.96 -0.962 -0.951 -0.957 -0.941 -0.984 -0.972 -0.982 -0.987 -0.973 -0.985 -0.973 -0.965 -0.981 -0.976 -0.947 -0.983 -0.954 -0.944 -0.978 -0.978 -0.962 -0.95 -0.983 -0.982
"122" 21 "SITTING" 0.278 -0.014 -0.112 -0.992 -0.967 -0.96 0.94 0.022 -0.057 -0.993 -0.979 -0.965 0.076 0.012 0 -0.989 -0.979 -0.986 -0.02 -0.065 0.083 -0.988 -0.976 -0.977 -0.101 -0.039 -0.053 -0.989 -0.99 -0.988 -0.975 -0.972 -0.975 -0.972 -0.986 -0.987 -0.965 -0.971 -0.99 -0.99 -0.991 -0.968 -0.971 -0.992 -0.968 -0.956 -0.99 -0.979 -0.983 -0.99 -0.98 -0.987 -0.985 -0.98 -0.977 -0.99 -0.975 -0.979 -0.975 -0.974 -0.985 -0.987 -0.978 -0.972 -0.99 -0.991
"123" 21 "STANDING" 0.277 -0.017 -0.11 -0.981 -0.944 -0.946 0.881 -0.346 -0.208 -0.983 -0.978 -0.959 0.075 0.01 -0.003 -0.977 -0.964 -0.978 -0.019 -0.074 0.086 -0.963 -0.956 -0.959 -0.103 -0.04 -0.054 -0.972 -0.977 -0.975 -0.959 -0.957 -0.959 -0.957 -0.975 -0.972 -0.95 -0.946 -0.977 -0.976 -0.978 -0.95 -0.96 -0.983 -0.944 -0.942 -0.977 -0.965 -0.975 -0.98 -0.966 -0.98 -0.957 -0.96 -0.959 -0.965 -0.954 -0.963 -0.962 -0.96 -0.971 -0.972 -0.957 -0.948 -0.976 -0.978
"124" 21 "WALKING" 0.279 -0.018 -0.104 -0.298 0.054 -0.169 0.863 -0.371 -0.221 -0.97 -0.964 -0.975 0.078 0.002 -0.01 -0.115 -0.035 -0.425 -0.046 -0.059 0.098 -0.432 -0.398 -0.312 -0.087 -0.052 -0.062 -0.239 -0.483 -0.495 -0.123 -0.3 -0.123 -0.3 -0.148 -0.084 -0.285 -0.408 -0.427 -0.45 -0.273 0.034 -0.3 -0.309 -0.003 -0.165 -0.2 -0.113 -0.406 -0.107 -0.015 -0.444 -0.247 -0.372 -0.283 -0.492 -0.419 -0.386 -0.251 -0.438 -0.144 -0.019 -0.41 -0.512 -0.5 -0.429
"125" 21 "WALKING_DOWNSTAIRS" 0.301 -0.017 -0.098 0.224 0.301 -0.072 0.873 -0.357 -0.188 -0.94 -0.94 -0.916 0.09 -0.021 -0.013 0.002 -0.08 -0.246 -0.126 0.016 0.149 -0.442 -0.354 -0.35 -0.073 -0.074 -0.079 -0.55 -0.442 -0.428 0.246 0.264 0.246 0.264 -0.08 0.095 -0.185 -0.388 -0.453 -0.509 0.104 0.181 -0.077 0.267 0.278 -0.145 -0.038 -0.107 -0.197 -0.046 -0.113 -0.293 -0.367 -0.309 -0.238 -0.47 -0.388 -0.451 0.24 0.079 0.112 0.063 -0.406 -0.484 -0.491 -0.572
"126" 21 "WALKING_UPSTAIRS" 0.265 -0.024 -0.125 -0.241 0.11 -0.22 0.781 -0.432 -0.31 -0.941 -0.942 -0.933 0.104 -0.016 -0.036 -0.424 -0.203 -0.562 0.063 -0.156 -0.005 -0.532 -0.463 0.052 -0.144 -0.013 -0.007 -0.574 -0.604 -0.564 -0.081 -0.278 -0.081 -0.278 -0.355 -0.404 -0.169 -0.42 -0.578 -0.648 -0.319 0.022 -0.322 -0.213 0.082 -0.227 -0.437 -0.205 -0.52 -0.463 -0.261 -0.603 -0.447 -0.447 -0.156 -0.561 -0.478 0.013 -0.258 -0.403 -0.355 -0.478 -0.475 -0.483 -0.629 -0.701
"127" 22 "LAYING" 0.28 -0.014 -0.111 -0.948 -0.913 -0.943 -0.418 0.632 0.772 -0.929 -0.959 -0.952 0.075 0.005 -0.005 -0.97 -0.955 -0.975 -0.021 -0.093 0.145 -0.957 -0.962 -0.933 -0.1 -0.038 -0.07 -0.972 -0.98 -0.979 -0.935 -0.909 -0.935 -0.909 -0.971 -0.96 -0.927 -0.924 -0.982 -0.974 -0.954 -0.926 -0.954 -0.946 -0.913 -0.941 -0.97 -0.955 -0.971 -0.974 -0.959 -0.977 -0.953 -0.965 -0.943 -0.958 -0.961 -0.937 -0.93 -0.913 -0.963 -0.956 -0.946 -0.924 -0.977 -0.973
"128" 22 "SITTING" 0.274 -0.012 -0.106 -0.978 -0.928 -0.918 0.839 0.209 0.316 -0.972 -0.954 -0.928 0.081 -0.001 -0.013 -0.982 -0.965 -0.979 -0.036 -0.079 0.08 -0.981 -0.95 -0.947 -0.099 -0.042 -0.052 -0.986 -0.98 -0.98 -0.942 -0.924 -0.942 -0.924 -0.979 -0.969 -0.942 -0.933 -0.985 -0.977 -0.979 -0.94 -0.947 -0.979 -0.927 -0.909 -0.981 -0.963 -0.975 -0.984 -0.97 -0.981 -0.977 -0.959 -0.948 -0.982 -0.946 -0.951 -0.943 -0.927 -0.969 -0.967 -0.952 -0.934 -0.978 -0.976
"129" 22 "STANDING" 0.279 -0.016 -0.105 -0.985 -0.923 -0.942 0.954 -0.226 0.032 -0.993 -0.971 -0.959 0.075 0.011 -0.006 -0.976 -0.952 -0.981 -0.028 -0.069 0.073 -0.918 -0.965 -0.961 -0.098 -0.042 -0.051 -0.95 -0.985 -0.98 -0.955 -0.94 -0.955 -0.94 -0.976 -0.959 -0.932 -0.901 -0.979 -0.966 -0.98 -0.929 -0.957 -0.987 -0.924 -0.938 -0.975 -0.952 -0.978 -0.979 -0.956 -0.984 -0.917 -0.971 -0.962 -0.92 -0.962 -0.964 -0.949 -0.944 -0.96 -0.957 -0.932 -0.9 -0.968 -0.965
"130" 22 "WALKING" 0.279 -0.017 -0.107 -0.009 0.1 -0.213 0.936 -0.26 0.023 -0.97 -0.964 -0.955 0.063 0.036 0.004 0.036 0.226 -0.313 0.001 -0.096 0.078 -0.319 -0.486 -0.151 -0.133 -0.032 -0.057 -0.227 -0.652 -0.234 0.072 -0.162 0.072 -0.162 0.023 0.112 -0.211 -0.391 -0.462 -0.503 -0.099 0.145 -0.255 0.024 0.004 -0.254 -0.037 0.16 -0.282 0.018 0.213 -0.343 -0.145 -0.501 -0.084 -0.374 -0.482 -0.253 -0.024 -0.381 0.066 0.158 -0.438 -0.464 -0.554 -0.476
"131" 22 "WALKING_DOWNSTAIRS" 0.284 -0.02 -0.107 0.349 0.24 -0.326 0.922 -0.222 0.041 -0.941 -0.946 -0.907 0.102 0.021 0.011 0.087 0.02 -0.478 -0.078 -0.07 0.05 -0.237 -0.55 -0.28 -0.09 -0.036 -0.048 -0.265 -0.64 -0.359 0.331 0.133 0.331 0.133 -0.018 -0.034 -0.161 -0.264 -0.46 -0.618 0.195 0.226 -0.323 0.403 0.167 -0.383 0.038 -0.003 -0.42 0.04 -0.027 -0.536 -0.095 -0.525 -0.195 -0.285 -0.57 -0.377 0.156 -0.058 0.022 -0.119 -0.338 -0.342 -0.584 -0.697
"132" 22 "WALKING_UPSTAIRS" 0.248 -0.027 -0.118 0.084 0.25 -0.11 0.889 -0.337 -0.096 -0.941 -0.942 -0.913 0.088 0.037 -0.034 -0.009 -0.058 -0.472 0.135 -0.181 0.016 -0.301 -0.489 -0.158 -0.148 -0.038 -0.067 -0.397 -0.704 -0.516 0.21 -0.159 0.21 -0.159 -0.096 -0.088 -0.128 -0.203 -0.568 -0.676 -0.055 0.131 -0.228 0.132 0.23 -0.117 -0.038 -0.075 -0.414 -0.068 -0.106 -0.529 -0.195 -0.524 -0.199 -0.338 -0.474 -0.222 -0.087 -0.334 -0.046 -0.151 -0.37 -0.234 -0.668 -0.71
"133" 23 "LAYING" 0.274 -0.022 -0.104 -0.957 -0.976 -0.973 -0.392 0.438 0.919 -0.948 -0.983 -0.977 0.083 0.015 -0.006 -0.986 -0.989 -0.985 -0.011 -0.105 0.111 -0.982 -0.959 -0.984 -0.102 -0.037 -0.062 -0.985 -0.979 -0.995 -0.963 -0.958 -0.963 -0.958 -0.987 -0.987 -0.949 -0.957 -0.985 -0.981 -0.97 -0.982 -0.978 -0.952 -0.974 -0.972 -0.986 -0.988 -0.982 -0.988 -0.99 -0.986 -0.98 -0.968 -0.984 -0.983 -0.955 -0.985 -0.968 -0.958 -0.986 -0.987 -0.966 -0.959 -0.982 -0.982
"134" 23 "SITTING" 0.273 -0.013 -0.104 -0.988 -0.935 -0.906 0.937 0.122 0.063 -0.985 -0.961 -0.924 0.077 0.01 -0.001 -0.985 -0.978 -0.976 -0.047 -0.068 0.065 -0.98 -0.948 -0.96 -0.097 -0.043 -0.049 -0.987 -0.981 -0.988 -0.944 -0.925 -0.944 -0.925 -0.982 -0.974 -0.937 -0.937 -0.987 -0.979 -0.986 -0.953 -0.942 -0.988 -0.931 -0.896 -0.985 -0.978 -0.973 -0.986 -0.98 -0.978 -0.977 -0.958 -0.965 -0.982 -0.944 -0.962 -0.946 -0.927 -0.974 -0.972 -0.952 -0.939 -0.981 -0.978
"135" 23 "STANDING" 0.278 -0.018 -0.111 -0.985 -0.958 -0.929 0.92 -0.117 -0.224 -0.985 -0.985 -0.947 0.075 0.011 -0.005 -0.983 -0.975 -0.974 -0.033 -0.065 0.082 -0.942 -0.948 -0.962 -0.098 -0.042 -0.055 -0.973 -0.973 -0.985 -0.957 -0.952 -0.957 -0.952 -0.979 -0.975 -0.938 -0.924 -0.976 -0.972 -0.984 -0.963 -0.945 -0.986 -0.958 -0.926 -0.983 -0.975 -0.97 -0.985 -0.977 -0.976 -0.948 -0.953 -0.968 -0.942 -0.946 -0.964 -0.958 -0.955 -0.974 -0.975 -0.945 -0.925 -0.973 -0.974
"136" 23 "WALKING" 0.273 -0.018 -0.113 -0.314 -0.119 0.164 0.94 -0.162 -0.161 -0.977 -0.967 -0.933 0.099 0.015 -0.002 -0.229 -0.081 -0.029 -0.063 -0.064 0.108 -0.494 0.259 -0.21 -0.058 -0.052 -0.09 -0.364 0.296 -0.374 -0.099 -0.21 -0.099 -0.21 -0.067 -0.027 -0.012 0.163 0.012 0.25 -0.275 -0.072 0.081 -0.33 -0.203 0.116 -0.29 -0.155 -0.057 -0.235 -0.061 -0.006 -0.338 0.196 -0.195 -0.545 0.287 -0.288 -0.094 -0.408 -0.018 -0.046 0.185 -0.061 0.147 0.288
"137" 23 "WALKING_DOWNSTAIRS" 0.29 -0.016 -0.099 0.044 0.108 0.23 0.924 -0.11 -0.154 -0.951 -0.939 -0.906 0.058 0.038 -0.001 0.199 -0.088 0.031 -0.058 -0.085 0.095 -0.416 0.214 -0.209 -0.118 -0.035 -0.029 -0.323 0.147 -0.368 0.127 0.23 0.127 0.23 0.113 0.292 0.039 0.054 -0.046 0.059 0.205 0.096 0.281 -0.028 0.043 0.095 0.202 -0.072 0.158 0.082 -0.178 -0.099 -0.215 0.329 -0.141 -0.483 0.126 -0.306 0.365 -0.045 0.335 0.224 0.151 -0.219 0.075 -0.04
"138" 23 "WALKING_UPSTAIRS" 0.25 -0.032 -0.127 -0.244 0.045 0.101 0.843 -0.214 -0.356 -0.933 -0.91 -0.902 0.072 0.04 0.016 -0.365 -0.328 -0.408 0.096 -0.112 -0.033 -0.551 -0.294 -0.032 -0.11 -0.052 -0.092 -0.548 -0.494 -0.544 -0.012 -0.272 -0.012 -0.272 -0.311 -0.363 -0.157 -0.367 -0.504 -0.551 -0.273 -0.077 -0.071 -0.234 0.038 0.105 -0.366 -0.326 -0.347 -0.425 -0.381 -0.469 -0.43 -0.29 -0.163 -0.59 -0.302 -0.082 -0.231 -0.41 -0.303 -0.454 -0.38 -0.47 -0.519 -0.633
"139" 24 "LAYING" 0.273 -0.017 -0.107 -0.968 -0.983 -0.974 -0.359 0.738 0.684 -0.96 -0.993 -0.979 0.081 0.012 -0.006 -0.986 -0.982 -0.983 -0.014 -0.096 0.112 -0.983 -0.96 -0.982 -0.103 -0.038 -0.062 -0.98 -0.978 -0.992 -0.972 -0.969 -0.972 -0.969 -0.986 -0.984 -0.954 -0.958 -0.983 -0.979 -0.976 -0.981 -0.977 -0.965 -0.985 -0.973 -0.986 -0.982 -0.982 -0.988 -0.984 -0.983 -0.977 -0.966 -0.981 -0.985 -0.958 -0.984 -0.973 -0.971 -0.983 -0.983 -0.964 -0.961 -0.979 -0.98
"140" 24 "SITTING" 0.273 -0.013 -0.103 -0.991 -0.956 -0.957 0.92 0.182 0.11 -0.99 -0.972 -0.963 0.076 0.005 -0.001 -0.989 -0.98 -0.985 -0.036 -0.075 0.08 -0.988 -0.978 -0.971 -0.095 -0.041 -0.052 -0.991 -0.99 -0.99 -0.969 -0.964 -0.969 -0.964 -0.986 -0.985 -0.965 -0.969 -0.991 -0.991 -0.99 -0.963 -0.967 -0.991 -0.955 -0.954 -0.989 -0.979 -0.982 -0.989 -0.982 -0.986 -0.986 -0.981 -0.975 -0.989 -0.976 -0.973 -0.969 -0.966 -0.984 -0.986 -0.978 -0.969 -0.991 -0.991
"141" 24 "STANDING" 0.28 -0.014 -0.108 -0.987 -0.937 -0.93 0.966 -0.145 -0.053 -0.992 -0.968 -0.946 0.075 0.011 -0.004 -0.981 -0.968 -0.978 -0.028 -0.069 0.077 -0.961 -0.967 -0.97 -0.099 -0.043 -0.052 -0.976 -0.982 -0.983 -0.95 -0.948 -0.95 -0.948 -0.978 -0.973 -0.955 -0.953 -0.982 -0.98 -0.984 -0.949 -0.954 -0.989 -0.934 -0.924 -0.981 -0.968 -0.974 -0.982 -0.97 -0.98 -0.959 -0.97 -0.97 -0.962 -0.966 -0.973 -0.96 -0.95 -0.972 -0.973 -0.964 -0.954 -0.981 -0.98
"142" 24 "WALKING" 0.277 -0.023 -0.111 -0.471 -0.154 -0.289 0.96 -0.115 -0.141 -0.983 -0.963 -0.963 0.073 0.012 -0.012 -0.486 -0.302 -0.491 -0.055 -0.066 0.097 -0.581 -0.487 -0.396 -0.063 -0.05 -0.074 -0.491 -0.514 -0.558 -0.3 -0.481 -0.3 -0.481 -0.4 -0.41 -0.403 -0.564 -0.508 -0.556 -0.492 -0.203 -0.344 -0.463 -0.183 -0.315 -0.51 -0.353 -0.47 -0.508 -0.294 -0.511 -0.468 -0.48 -0.391 -0.617 -0.496 -0.453 -0.435 -0.59 -0.419 -0.403 -0.535 -0.668 -0.572 -0.567
"143" 24 "WALKING_DOWNSTAIRS" 0.289 -0.015 -0.105 -0.083 -0.103 -0.206 0.951 -0.128 -0.14 -0.962 -0.941 -0.942 0.08 -0.004 -0.008 -0.337 -0.169 -0.29 -0.087 -0.054 0.112 -0.432 -0.485 -0.491 -0.091 -0.029 -0.041 -0.358 -0.519 -0.479 -0.074 -0.022 -0.074 -0.022 -0.263 -0.144 -0.305 -0.364 -0.497 -0.459 -0.222 -0.086 -0.174 -0.035 -0.169 -0.292 -0.376 -0.226 -0.25 -0.356 -0.164 -0.329 -0.272 -0.433 -0.396 -0.485 -0.523 -0.573 -0.023 -0.175 -0.201 -0.083 -0.374 -0.47 -0.474 -0.478
"144" 24 "WALKING_UPSTAIRS" 0.27 -0.025 -0.114 -0.344 -0.117 -0.256 0.906 -0.237 -0.227 -0.962 -0.917 -0.935 0.086 -0.015 -0.013 -0.499 -0.515 -0.524 0.088 -0.106 0.025 -0.577 -0.569 -0.275 -0.147 -0.032 -0.05 -0.64 -0.647 -0.649 -0.226 -0.307 -0.226 -0.307 -0.488 -0.441 -0.334 -0.504 -0.659 -0.638 -0.396 -0.252 -0.313 -0.326 -0.108 -0.283 -0.516 -0.528 -0.483 -0.527 -0.536 -0.563 -0.503 -0.547 -0.372 -0.603 -0.586 -0.312 -0.322 -0.406 -0.43 -0.46 -0.565 -0.549 -0.646 -0.654
"145" 25 "LAYING" 0.251 -0.019 -0.1 -0.909 -0.692 -0.717 -0.461 0.621 0.526 -0.83 -0.644 -0.61 0.088 0.028 -0.031 -0.973 -0.946 -0.968 0.004 -0.072 0.14 -0.89 -0.937 -0.911 -0.102 -0.043 -0.06 -0.957 -0.972 -0.974 -0.56 -0.649 -0.56 -0.649 -0.962 -0.962 -0.81 -0.856 -0.97 -0.968 -0.929 -0.785 -0.816 -0.903 -0.672 -0.694 -0.973 -0.947 -0.963 -0.976 -0.948 -0.972 -0.891 -0.946 -0.925 -0.891 -0.932 -0.915 -0.774 -0.651 -0.96 -0.964 -0.91 -0.851 -0.968 -0.97
"146" 25 "SITTING" 0.279 -0.015 -0.109 -0.992 -0.947 -0.965 0.866 0.208 0.167 -0.989 -0.963 -0.969 0.075 0.005 0.002 -0.992 -0.983 -0.988 -0.035 -0.075 0.085 -0.99 -0.981 -0.973 -0.095 -0.039 -0.05 -0.992 -0.991 -0.991 -0.97 -0.96 -0.97 -0.96 -0.99 -0.988 -0.967 -0.971 -0.993 -0.992 -0.991 -0.959 -0.975 -0.992 -0.945 -0.962 -0.992 -0.983 -0.986 -0.993 -0.984 -0.989 -0.988 -0.984 -0.976 -0.991 -0.98 -0.974 -0.967 -0.962 -0.988 -0.988 -0.979 -0.97 -0.992 -0.992
"147" 25 "STANDING" 0.278 -0.016 -0.107 -0.992 -0.955 -0.965 0.93 -0.159 0.201 -0.993 -0.981 -0.968 0.075 0.007 -0.006 -0.988 -0.972 -0.987 -0.025 -0.07 0.085 -0.971 -0.977 -0.972 -0.1 -0.042 -0.056 -0.978 -0.987 -0.981 -0.973 -0.968 -0.973 -0.968 -0.985 -0.983 -0.967 -0.96 -0.985 -0.983 -0.99 -0.96 -0.974 -0.993 -0.954 -0.962 -0.988 -0.973 -0.985 -0.989 -0.974 -0.988 -0.968 -0.978 -0.97 -0.973 -0.976 -0.975 -0.972 -0.97 -0.982 -0.982 -0.969 -0.961 -0.984 -0.983
"148" 25 "WALKING" 0.279 -0.019 -0.109 -0.596 -0.162 -0.437 0.937 -0.127 0.188 -0.979 -0.965 -0.945 0.072 0.004 -0.003 -0.608 -0.383 -0.676 -0.016 -0.082 0.087 -0.401 -0.604 -0.563 -0.102 -0.04 -0.051 -0.508 -0.8 -0.66 -0.405 -0.566 -0.405 -0.566 -0.538 -0.543 -0.394 -0.49 -0.678 -0.757 -0.609 -0.252 -0.534 -0.591 -0.17 -0.431 -0.626 -0.434 -0.659 -0.624 -0.368 -0.69 -0.412 -0.679 -0.561 -0.407 -0.567 -0.604 -0.566 -0.633 -0.565 -0.519 -0.563 -0.529 -0.77 -0.757
"149" 25 "WALKING_DOWNSTAIRS" 0.291 -0.021 -0.107 -0.254 -0.141 -0.458 0.93 -0.072 0.219 -0.964 -0.938 -0.926 0.111 -0.02 -0.011 -0.502 -0.372 -0.711 0.003 -0.101 0.098 -0.289 -0.523 -0.444 -0.128 -0.042 -0.064 -0.43 -0.81 -0.599 -0.22 -0.259 -0.22 -0.259 -0.5 -0.483 -0.216 -0.382 -0.665 -0.68 -0.372 -0.196 -0.556 -0.213 -0.167 -0.449 -0.526 -0.416 -0.687 -0.522 -0.366 -0.735 -0.218 -0.633 -0.41 -0.316 -0.471 -0.507 -0.288 -0.359 -0.472 -0.502 -0.486 -0.424 -0.687 -0.693
"150" 25 "WALKING_UPSTAIRS" 0.278 -0.027 -0.126 -0.46 -0.223 -0.297 0.928 -0.218 0.108 -0.951 -0.932 -0.883 0.074 0.009 -0.012 -0.664 -0.627 -0.812 0.056 -0.109 0.1 -0.489 -0.434 -0.564 -0.126 -0.028 -0.054 -0.694 -0.84 -0.746 -0.306 -0.48 -0.306 -0.48 -0.679 -0.675 -0.319 -0.388 -0.777 -0.825 -0.522 -0.38 -0.543 -0.438 -0.2 -0.237 -0.668 -0.641 -0.793 -0.69 -0.638 -0.831 -0.476 -0.619 -0.575 -0.5 -0.349 -0.601 -0.528 -0.536 -0.655 -0.703 -0.567 -0.387 -0.822 -0.841
"151" 26 "LAYING" 0.272 -0.019 -0.105 -0.969 -0.983 -0.985 -0.621 0.803 0.615 -0.944 -0.988 -0.984 0.087 0.012 -0.006 -0.989 -0.987 -0.989 -0.017 -0.09 0.152 -0.99 -0.979 -0.969 -0.1 -0.04 -0.071 -0.993 -0.989 -0.994 -0.977 -0.964 -0.977 -0.964 -0.99 -0.989 -0.952 -0.966 -0.992 -0.99 -0.973 -0.984 -0.985 -0.968 -0.983 -0.985 -0.989 -0.987 -0.987 -0.99 -0.988 -0.989 -0.988 -0.983 -0.97 -0.991 -0.977 -0.972 -0.969 -0.967 -0.989 -0.988 -0.974 -0.966 -0.99 -0.99
"152" 26 "SITTING" 0.258 -0.007 -0.097 -0.98 -0.941 -0.95 0.783 0.223 0.314 -0.965 -0.949 -0.945 0.076 0.007 -0.008 -0.992 -0.986 -0.99 -0.037 -0.084 0.071 -0.991 -0.973 -0.966 -0.096 -0.04 -0.049 -0.996 -0.993 -0.992 -0.953 -0.934 -0.953 -0.934 -0.991 -0.99 -0.954 -0.965 -0.994 -0.994 -0.983 -0.954 -0.968 -0.979 -0.938 -0.945 -0.992 -0.986 -0.988 -0.993 -0.988 -0.991 -0.99 -0.982 -0.97 -0.991 -0.969 -0.968 -0.952 -0.935 -0.989 -0.99 -0.976 -0.964 -0.994 -0.994
"153" 26 "STANDING" 0.281 -0.017 -0.11 -0.993 -0.949 -0.963 0.965 -0.14 0.088 -0.993 -0.967 -0.964 0.075 0.008 -0.002 -0.99 -0.976 -0.987 -0.025 -0.073 0.078 -0.974 -0.982 -0.975 -0.1 -0.041 -0.053 -0.978 -0.99 -0.986 -0.969 -0.963 -0.969 -0.963 -0.987 -0.983 -0.969 -0.963 -0.989 -0.984 -0.992 -0.958 -0.973 -0.994 -0.948 -0.96 -0.991 -0.976 -0.985 -0.991 -0.977 -0.987 -0.969 -0.984 -0.974 -0.975 -0.982 -0.977 -0.971 -0.964 -0.983 -0.981 -0.972 -0.963 -0.986 -0.983
"154" 26 "WALKING" 0.279 -0.015 -0.109 -0.34 -0.136 -0.333 0.961 -0.134 0.109 -0.98 -0.969 -0.966 0.065 0.02 -0.006 -0.328 -0.262 -0.397 -0.003 -0.084 0.085 -0.493 -0.576 -0.355 -0.099 -0.046 -0.049 -0.417 -0.587 -0.486 -0.223 -0.422 -0.223 -0.422 -0.291 -0.279 -0.392 -0.538 -0.512 -0.603 -0.322 -0.147 -0.34 -0.348 -0.186 -0.384 -0.364 -0.299 -0.399 -0.351 -0.272 -0.397 -0.368 -0.562 -0.319 -0.533 -0.588 -0.426 -0.38 -0.537 -0.293 -0.269 -0.552 -0.609 -0.619 -0.613
"155" 26 "WALKING_DOWNSTAIRS" 0.279 -0.013 -0.106 0.174 -0.012 -0.285 0.947 -0.08 0.154 -0.963 -0.935 -0.933 0.111 -0.007 -0.012 -0.128 -0.086 -0.379 -0.011 -0.1 0.082 -0.331 -0.473 -0.332 -0.099 -0.037 -0.051 -0.171 -0.547 -0.359 0.114 0.147 0.114 0.147 -0.149 -0.111 -0.235 -0.296 -0.419 -0.463 0.023 -0.006 -0.28 0.227 -0.078 -0.347 -0.201 -0.166 -0.36 -0.131 -0.062 -0.397 -0.126 -0.443 -0.221 -0.398 -0.498 -0.434 0.075 0.006 -0.153 -0.068 -0.335 -0.393 -0.472 -0.489
"156" 26 "WALKING_UPSTAIRS" 0.273 -0.028 -0.122 -0.169 -0.049 -0.405 0.942 -0.246 -0.002 -0.962 -0.938 -0.93 0.076 0.002 -0.012 -0.291 -0.4 -0.678 -0.025 -0.066 0.072 -0.55 -0.603 -0.309 -0.098 -0.039 -0.06 -0.516 -0.725 -0.556 -0.143 -0.151 -0.143 -0.151 -0.404 -0.335 -0.344 -0.514 -0.648 -0.662 -0.243 -0.186 -0.5 -0.143 -0.044 -0.401 -0.305 -0.419 -0.64 -0.342 -0.42 -0.716 -0.428 -0.617 -0.343 -0.591 -0.598 -0.362 -0.168 -0.274 -0.295 -0.394 -0.556 -0.57 -0.674 -0.67
"157" 27 "LAYING" 0.274 -0.018 -0.108 -0.978 -0.984 -0.987 -0.53 0.568 0.845 -0.971 -0.994 -0.989 0.077 0.013 -0.001 -0.986 -0.985 -0.99 -0.02 -0.096 0.119 -0.989 -0.984 -0.978 -0.101 -0.036 -0.064 -0.994 -0.993 -0.993 -0.982 -0.979 -0.982 -0.979 -0.988 -0.989 -0.967 -0.972 -0.994 -0.993 -0.981 -0.983 -0.987 -0.978 -0.984 -0.987 -0.987 -0.985 -0.988 -0.987 -0.986 -0.99 -0.987 -0.987 -0.979 -0.989 -0.983 -0.98 -0.981 -0.98 -0.988 -0.988 -0.98 -0.972 -0.994 -0.994
"158" 27 "SITTING" 0.274 -0.016 -0.106 -0.989 -0.972 -0.966 0.839 0.213 0.276 -0.982 -0.983 -0.967 0.078 0.005 -0.006 -0.991 -0.985 -0.989 -0.037 -0.08 0.083 -0.988 -0.982 -0.976 -0.095 -0.04 -0.05 -0.994 -0.992 -0.992 -0.979 -0.97 -0.979 -0.97 -0.989 -0.989 -0.964 -0.971 -0.994 -0.992 -0.989 -0.974 -0.975 -0.989 -0.971 -0.963 -0.991 -0.985 -0.987 -0.991 -0.986 -0.989 -0.987 -0.984 -0.977 -0.989 -0.981 -0.978 -0.975 -0.971 -0.989 -0.989 -0.979 -0.971 -0.992 -0.992
"159" 27 "STANDING" 0.28 -0.017 -0.108 -0.992 -0.955 -0.962 0.965 -0.189 -0.006 -0.994 -0.98 -0.968 0.075 0.012 -0.001 -0.988 -0.976 -0.987 -0.027 -0.068 0.072 -0.97 -0.982 -0.981 -0.099 -0.042 -0.051 -0.983 -0.991 -0.989 -0.973 -0.966 -0.973 -0.966 -0.985 -0.984 -0.969 -0.966 -0.99 -0.989 -0.99 -0.961 -0.974 -0.993 -0.954 -0.959 -0.988 -0.976 -0.985 -0.989 -0.978 -0.988 -0.97 -0.984 -0.981 -0.97 -0.982 -0.983 -0.973 -0.968 -0.984 -0.983 -0.976 -0.965 -0.989 -0.989
"160" 27 "WALKING" 0.277 -0.017 -0.113 -0.348 -0.187 -0.297 0.945 -0.187 -0.126 -0.98 -0.974 -0.957 0.068 0.002 -0.021 -0.316 -0.104 -0.401 -0.086 -0.037 0.118 -0.607 -0.53 -0.25 -0.079 -0.048 -0.065 -0.523 -0.634 -0.426 -0.239 -0.407 -0.239 -0.407 -0.231 -0.266 -0.397 -0.482 -0.563 -0.619 -0.309 -0.137 -0.312 -0.365 -0.268 -0.346 -0.345 -0.195 -0.383 -0.347 -0.066 -0.418 -0.498 -0.535 -0.318 -0.642 -0.531 -0.298 -0.327 -0.55 -0.26 -0.28 -0.519 -0.547 -0.623 -0.639
"161" 27 "WALKING_DOWNSTAIRS" 0.298 -0.014 -0.113 0.167 -0.098 -0.24 0.931 -0.167 -0.14 -0.947 -0.935 -0.921 0.094 0.016 -0.01 -0.004 -0.139 -0.409 -0.16 -0.016 0.153 -0.364 -0.482 -0.258 -0.052 -0.064 -0.062 -0.494 -0.459 -0.307 0.108 0.121 0.108 0.121 -0.115 -0.039 -0.165 -0.308 -0.441 -0.466 0.083 -0.063 -0.242 0.195 -0.176 -0.303 -0.044 -0.171 -0.344 -0.052 -0.163 -0.475 -0.297 -0.402 -0.145 -0.391 -0.543 -0.368 0.15 -0.071 0.011 -0.114 -0.359 -0.398 -0.468 -0.503
"162" 27 "WALKING_UPSTAIRS" 0.266 -0.02 -0.124 -0.295 -0.095 -0.231 0.868 -0.229 -0.295 -0.956 -0.948 -0.927 0.073 -0.014 0.007 -0.468 -0.427 -0.634 -0.094 0.002 0.14 -0.562 -0.588 -0.17 -0.094 -0.051 -0.063 -0.696 -0.711 -0.677 -0.161 -0.38 -0.161 -0.38 -0.479 -0.465 -0.286 -0.502 -0.7 -0.725 -0.418 -0.25 -0.419 -0.254 -0.079 -0.197 -0.503 -0.442 -0.609 -0.479 -0.45 -0.657 -0.544 -0.594 -0.401 -0.574 -0.588 -0.184 -0.394 -0.469 -0.461 -0.473 -0.608 -0.523 -0.719 -0.752
"163" 28 "LAYING" 0.276 -0.017 -0.108 -0.969 -0.945 -0.956 -0.49 0.144 0.016 -0.971 -0.97 -0.979 0.078 0.006 0.006 -0.98 -0.979 -0.973 -0.017 -0.097 0.094 -0.955 -0.96 -0.962 -0.105 -0.036 -0.053 -0.961 -0.98 -0.981 -0.958 -0.955 -0.958 -0.955 -0.978 -0.973 -0.937 -0.929 -0.978 -0.97 -0.974 -0.958 -0.961 -0.967 -0.942 -0.957 -0.98 -0.978 -0.97 -0.982 -0.981 -0.975 -0.947 -0.966 -0.961 -0.958 -0.958 -0.966 -0.961 -0.958 -0.973 -0.972 -0.944 -0.932 -0.972 -0.969
"164" 28 "SITTING" 0.277 -0.019 -0.112 -0.983 -0.94 -0.937 0.907 -0.113 0.135 -0.989 -0.972 -0.956 0.077 0.015 0 -0.976 -0.962 -0.976 -0.034 -0.067 0.087 -0.98 -0.956 -0.957 -0.095 -0.041 -0.058 -0.982 -0.981 -0.971 -0.956 -0.948 -0.956 -0.948 -0.973 -0.97 -0.955 -0.951 -0.981 -0.978 -0.98 -0.946 -0.952 -0.985 -0.94 -0.933 -0.977 -0.963 -0.973 -0.978 -0.964 -0.978 -0.974 -0.963 -0.954 -0.982 -0.953 -0.962 -0.954 -0.952 -0.969 -0.971 -0.96 -0.954 -0.979 -0.978
"165" 28 "STANDING" 0.278 -0.017 -0.107 -0.978 -0.876 -0.905 0.949 -0.248 -0.039 -0.99 -0.963 -0.952 0.075 0.009 -0.003 -0.969 -0.934 -0.97 -0.025 -0.074 0.087 -0.884 -0.94 -0.925 -0.102 -0.043 -0.053 -0.928 -0.973 -0.956 -0.925 -0.918 -0.925 -0.918 -0.96 -0.954 -0.894 -0.877 -0.96 -0.956 -0.973 -0.893 -0.935 -0.98 -0.874 -0.898 -0.969 -0.935 -0.965 -0.972 -0.937 -0.974 -0.88 -0.948 -0.927 -0.887 -0.936 -0.932 -0.929 -0.924 -0.953 -0.955 -0.91 -0.878 -0.959 -0.956
"166" 28 "WALKING" 0.281 -0.016 -0.104 -0.293 -0.118 -0.301 0.943 -0.229 -0.126 -0.977 -0.969 -0.944 0.093 0.023 -0.008 -0.336 -0.22 -0.537 -0.106 -0.017 0.116 -0.504 -0.498 -0.243 -0.093 -0.052 -0.059 -0.399 -0.639 -0.441 -0.181 -0.393 -0.181 -0.393 -0.299 -0.39 -0.311 -0.461 -0.546 -0.58 -0.28 -0.128 -0.356 -0.299 -0.169 -0.326 -0.363 -0.295 -0.499 -0.367 -0.192 -0.575 -0.375 -0.505 -0.255 -0.545 -0.497 -0.308 -0.352 -0.512 -0.361 -0.436 -0.515 -0.517 -0.596 -0.589
"167" 28 "WALKING_DOWNSTAIRS" 0.294 -0.022 -0.109 0.126 0.156 -0.341 0.929 -0.236 -0.121 -0.957 -0.948 -0.917 0.097 0.014 0.001 -0.017 0.027 -0.427 -0.141 0.007 0.139 -0.268 -0.259 -0.307 -0.027 -0.057 -0.078 -0.164 -0.425 -0.336 0.104 0.135 0.104 0.135 -0.071 -0.042 -0.068 -0.224 -0.34 -0.407 0.089 0.186 -0.308 0.138 0.065 -0.417 -0.027 -0.013 -0.365 -0.098 -0.002 -0.488 -0.03 -0.217 -0.184 -0.345 -0.293 -0.417 0.189 -0.074 -0.013 -0.088 -0.223 -0.363 -0.397 -0.465
"168" 28 "WALKING_UPSTAIRS" 0.262 -0.028 -0.122 -0.242 -0.147 -0.286 0.855 -0.333 -0.265 -0.945 -0.928 -0.901 0.071 0.022 0.007 -0.313 -0.332 -0.637 -0.129 0.021 0.104 -0.519 -0.479 -0.189 -0.081 -0.049 -0.075 -0.494 -0.691 -0.604 -0.186 -0.212 -0.186 -0.212 -0.388 -0.325 -0.263 -0.477 -0.62 -0.67 -0.266 -0.191 -0.402 -0.234 -0.179 -0.282 -0.319 -0.358 -0.588 -0.37 -0.349 -0.688 -0.404 -0.522 -0.318 -0.556 -0.46 -0.226 -0.214 -0.335 -0.294 -0.374 -0.535 -0.528 -0.663 -0.705
"169" 29 "LAYING" 0.287 -0.017 -0.109 -0.984 -0.99 -0.987 -0.347 0.808 0.59 -0.973 -0.994 -0.986 0.072 0.012 0.002 -0.992 -0.99 -0.993 -0.026 -0.076 0.127 -0.994 -0.993 -0.975 -0.1 -0.039 -0.067 -0.997 -0.997 -0.995 -0.986 -0.982 -0.986 -0.982 -0.993 -0.995 -0.972 -0.977 -0.997 -0.998 -0.987 -0.989 -0.989 -0.983 -0.991 -0.986 -0.992 -0.989 -0.992 -0.993 -0.99 -0.993 -0.993 -0.994 -0.976 -0.995 -0.992 -0.977 -0.987 -0.982 -0.994 -0.994 -0.984 -0.977 -0.998 -0.998
"170" 29 "SITTING" 0.277 -0.017 -0.11 -0.991 -0.963 -0.968 0.892 0.156 0.286 -0.985 -0.974 -0.966 0.075 0.006 0.003 -0.994 -0.984 -0.99 -0.038 -0.076 0.058 -0.99 -0.988 -0.971 -0.095 -0.04 -0.047 -0.993 -0.995 -0.993 -0.978 -0.969 -0.978 -0.969 -0.991 -0.991 -0.962 -0.972 -0.995 -0.995 -0.991 -0.97 -0.976 -0.991 -0.962 -0.966 -0.993 -0.984 -0.988 -0.994 -0.985 -0.99 -0.988 -0.99 -0.974 -0.991 -0.987 -0.973 -0.973 -0.971 -0.99 -0.99 -0.98 -0.971 -0.995 -0.995
"171" 29 "STANDING" 0.278 -0.017 -0.109 -0.996 -0.969 -0.98 0.975 -0.058 0.032 -0.997 -0.985 -0.984 0.075 0.012 0 -0.994 -0.983 -0.991 -0.028 -0.072 0.083 -0.978 -0.99 -0.983 -0.099 -0.041 -0.054 -0.983 -0.996 -0.991 -0.985 -0.982 -0.985 -0.982 -0.991 -0.99 -0.981 -0.975 -0.992 -0.991 -0.995 -0.973 -0.984 -0.997 -0.968 -0.979 -0.994 -0.983 -0.989 -0.994 -0.985 -0.991 -0.974 -0.992 -0.984 -0.979 -0.99 -0.985 -0.985 -0.982 -0.99 -0.99 -0.981 -0.976 -0.992 -0.992
"172" 29 "WALKING" 0.272 -0.016 -0.107 -0.174 -0.092 -0.243 0.962 -0.127 0.096 -0.978 -0.975 -0.946 0.085 0.022 0.009 -0.221 -0.087 -0.462 -0.008 -0.082 0.086 -0.599 -0.182 -0.43 -0.107 -0.048 -0.039 -0.396 -0.588 -0.504 -0.096 -0.263 -0.096 -0.263 -0.24 -0.133 -0.281 -0.359 -0.506 -0.612 -0.136 -0.035 -0.28 -0.19 -0.182 -0.283 -0.21 -0.088 -0.395 -0.307 -0.155 -0.529 -0.431 -0.362 -0.397 -0.654 -0.094 -0.494 -0.236 -0.393 -0.109 -0.17 -0.417 -0.429 -0.629 -0.619
"173" 29 "WALKING_DOWNSTAIRS" 0.293 -0.015 -0.098 0.167 -0.122 -0.223 0.948 -0.076 0.092 -0.942 -0.914 -0.869 0.064 0.001 -0.014 -0.024 -0.077 -0.479 -0.037 -0.085 0.082 -0.282 -0.39 -0.311 -0.074 -0.067 -0.036 -0.348 -0.693 -0.38 0.104 0.134 0.104 0.134 -0.139 -0.031 -0.123 -0.267 -0.539 -0.597 0.111 -0.021 -0.267 0.187 -0.239 -0.262 -0.038 -0.098 -0.411 -0.099 -0.12 -0.547 -0.189 -0.463 -0.199 -0.319 -0.355 -0.416 0.116 -0.033 0 -0.08 -0.381 -0.323 -0.597 -0.627
"174" 29 "WALKING_UPSTAIRS" 0.265 -0.03 -0.118 -0.087 -0.122 0.1 0.929 -0.227 0.044 -0.954 -0.923 -0.859 0.106 -0.001 -0.029 -0.182 -0.389 -0.679 0.093 -0.152 0.085 -0.324 0.046 -0.375 -0.13 -0.051 -0.068 -0.475 -0.734 -0.558 0.008 -0.041 0.008 -0.041 -0.344 -0.254 0.044 -0.08 -0.617 -0.713 -0.11 -0.196 -0.32 -0.079 -0.141 0.203 -0.225 -0.409 -0.646 -0.211 -0.409 -0.71 -0.261 -0.394 -0.342 -0.35 0.234 -0.444 -0.108 -0.156 -0.239 -0.281 -0.357 -0.074 -0.697 -0.756
"175" 30 "LAYING" 0.281 -0.019 -0.104 -0.976 -0.954 -0.967 -0.345 0.733 0.681 -0.98 -0.989 -0.983 0.075 0.011 0 -0.977 -0.971 -0.98 -0.027 -0.076 0.094 -0.974 -0.966 -0.969 -0.102 -0.038 -0.06 -0.984 -0.98 -0.981 -0.97 -0.96 -0.97 -0.96 -0.979 -0.97 -0.962 -0.951 -0.985 -0.976 -0.975 -0.96 -0.97 -0.977 -0.954 -0.967 -0.977 -0.972 -0.976 -0.98 -0.972 -0.982 -0.972 -0.968 -0.968 -0.974 -0.965 -0.972 -0.963 -0.964 -0.97 -0.968 -0.962 -0.953 -0.978 -0.975
"176" 30 "SITTING" 0.268 -0.008 -0.1 -0.984 -0.938 -0.951 0.825 0.115 0.345 -0.978 -0.959 -0.957 0.076 0.01 -0.003 -0.989 -0.98 -0.988 -0.036 -0.074 0.07 -0.988 -0.976 -0.955 -0.095 -0.041 -0.049 -0.994 -0.992 -0.988 -0.957 -0.943 -0.957 -0.943 -0.988 -0.986 -0.956 -0.961 -0.994 -0.991 -0.985 -0.954 -0.966 -0.983 -0.934 -0.946 -0.989 -0.98 -0.986 -0.99 -0.982 -0.989 -0.987 -0.982 -0.961 -0.988 -0.974 -0.957 -0.96 -0.944 -0.986 -0.985 -0.974 -0.96 -0.992 -0.991
"177" 30 "STANDING" 0.277 -0.017 -0.109 -0.978 -0.892 -0.913 0.969 -0.1 0.024 -0.996 -0.958 -0.949 0.075 0.012 0.002 -0.968 -0.957 -0.969 -0.028 -0.067 0.08 -0.911 -0.941 -0.931 -0.1 -0.044 -0.052 -0.96 -0.968 -0.971 -0.931 -0.917 -0.931 -0.917 -0.971 -0.951 -0.914 -0.887 -0.973 -0.956 -0.972 -0.919 -0.938 -0.98 -0.886 -0.907 -0.968 -0.957 -0.963 -0.972 -0.96 -0.974 -0.916 -0.946 -0.938 -0.912 -0.939 -0.935 -0.932 -0.922 -0.953 -0.947 -0.917 -0.889 -0.959 -0.955
"178" 30 "WALKING" 0.276 -0.018 -0.099 -0.346 -0.174 -0.12 0.965 -0.158 -0.004 -0.98 -0.97 -0.944 0.069 0.022 -0.007 -0.374 -0.271 -0.521 -0.046 -0.065 0.084 -0.388 0.006 -0.183 -0.087 -0.062 -0.045 -0.46 -0.498 -0.476 -0.195 -0.36 -0.195 -0.36 -0.352 -0.354 -0.023 -0.267 -0.472 -0.547 -0.351 -0.194 -0.31 -0.345 -0.216 -0.093 -0.39 -0.3 -0.467 -0.415 -0.289 -0.575 -0.374 -0.176 -0.247 -0.399 0.096 -0.238 -0.342 -0.47 -0.347 -0.367 -0.358 -0.332 -0.548 -0.579
"179" 30 "WALKING_DOWNSTAIRS" 0.283 -0.017 -0.1 -0.058 -0.027 -0.217 0.958 -0.127 0.029 -0.959 -0.919 -0.878 0.088 -0.008 -0.012 -0.227 -0.195 -0.467 -0.075 -0.069 0.09 -0.266 -0.285 -0.295 -0.062 -0.05 -0.054 -0.543 -0.614 -0.499 -0.037 -0.014 -0.037 -0.014 -0.294 -0.125 -0.096 -0.208 -0.574 -0.618 -0.107 -0.022 -0.258 -0.041 -0.093 -0.257 -0.235 -0.225 -0.4 -0.29 -0.217 -0.536 -0.263 -0.348 -0.264 -0.278 -0.256 -0.372 0.004 -0.179 -0.126 -0.133 -0.357 -0.252 -0.618 -0.646
"180" 30 "WALKING_UPSTAIRS" 0.271 -0.025 -0.125 -0.351 -0.127 0.025 0.932 -0.227 -0.022 -0.954 -0.915 -0.862 0.058 -0.004 0.016 -0.535 -0.587 -0.762 -0.004 -0.078 0.081 -0.494 -0.084 -0.212 -0.108 -0.014 -0.036 -0.743 -0.743 -0.665 -0.138 -0.327 -0.138 -0.327 -0.597 -0.562 -0.114 -0.169 -0.719 -0.774 -0.42 -0.298 -0.368 -0.326 -0.104 0.121 -0.551 -0.593 -0.738 -0.562 -0.611 -0.785 -0.488 -0.366 -0.319 -0.503 0.045 -0.253 -0.401 -0.395 -0.55 -0.581 -0.449 -0.151 -0.774 -0.791
